=> 0x29e8610 <_ZN2v84base7ieee7543powEdd>:	movq   %xmm1,%rdx || 19434.26919555664 -0.169996352866292 -0.169996352866292 5.5611776e-316 0.0 5.56119303e-316 5e-323 2.121995787e-314 0.0 0.0 0.0 0.0 0.0 0.0 0.0 nan
=> 0x29e8615 <_ZN2v84base7ieee7543powEdd+5>:	movq   %xmm1,%rsi || 19434.26919555664 -0.169996352866292 -0.169996352866292 5.5611776e-316 0.0 5.56119303e-316 5e-323 2.121995787e-314 0.0 0.0 0.0 0.0 0.0 0.0 0.0 nan
=> 0x29e861a <_ZN2v84base7ieee7543powEdd+10>:	shr    $0x20,%rdx || 19434.26919555664 -0.169996352866292 -0.169996352866292 5.5611776e-316 0.0 5.56119303e-316 5e-323 2.121995787e-314 0.0 0.0 0.0 0.0 0.0 0.0 0.0 nan
=> 0x29e861e <_ZN2v84base7ieee7543powEdd+14>:	mov    %edx,%eax || 19434.26919555664 -0.169996352866292 -0.169996352866292 5.5611776e-316 0.0 5.56119303e-316 5e-323 2.121995787e-314 0.0 0.0 0.0 0.0 0.0 0.0 0.0 nan
=> 0x29e8620 <_ZN2v84base7ieee7543powEdd+16>:	and    $0x7fffffff,%eax || 19434.26919555664 -0.169996352866292 -0.169996352866292 5.5611776e-316 0.0 5.56119303e-316 5e-323 2.121995787e-314 0.0 0.0 0.0 0.0 0.0 0.0 0.0 nan
=> 0x29e8625 <_ZN2v84base7ieee7543powEdd+21>:	mov    %eax,%ecx || 19434.26919555664 -0.169996352866292 -0.169996352866292 5.5611776e-316 0.0 5.56119303e-316 5e-323 2.121995787e-314 0.0 0.0 0.0 0.0 0.0 0.0 0.0 nan
=> 0x29e8627 <_ZN2v84base7ieee7543powEdd+23>:	or     %esi,%ecx || 19434.26919555664 -0.169996352866292 -0.169996352866292 5.5611776e-316 0.0 5.56119303e-316 5e-323 2.121995787e-314 0.0 0.0 0.0 0.0 0.0 0.0 0.0 nan
=> 0x29e8629 <_ZN2v84base7ieee7543powEdd+25>:	je     0x29e86e8 <_ZN2v84base7ieee7543powEdd+216> || 19434.26919555664 -0.169996352866292 -0.169996352866292 5.5611776e-316 0.0 5.56119303e-316 5e-323 2.121995787e-314 0.0 0.0 0.0 0.0 0.0 0.0 0.0 nan
=> 0x29e862f <_ZN2v84base7ieee7543powEdd+31>:	movq   %xmm0,%r8 || 19434.26919555664 -0.169996352866292 -0.169996352866292 5.5611776e-316 0.0 5.56119303e-316 5e-323 2.121995787e-314 0.0 0.0 0.0 0.0 0.0 0.0 0.0 nan
=> 0x29e8634 <_ZN2v84base7ieee7543powEdd+36>:	movq   %xmm0,%rdi || 19434.26919555664 -0.169996352866292 -0.169996352866292 5.5611776e-316 0.0 5.56119303e-316 5e-323 2.121995787e-314 0.0 0.0 0.0 0.0 0.0 0.0 0.0 nan
=> 0x29e8639 <_ZN2v84base7ieee7543powEdd+41>:	shr    $0x20,%r8 || 19434.26919555664 -0.169996352866292 -0.169996352866292 5.5611776e-316 0.0 5.56119303e-316 5e-323 2.121995787e-314 0.0 0.0 0.0 0.0 0.0 0.0 0.0 nan
=> 0x29e863d <_ZN2v84base7ieee7543powEdd+45>:	mov    %r8d,%r9d || 19434.26919555664 -0.169996352866292 -0.169996352866292 5.5611776e-316 0.0 5.56119303e-316 5e-323 2.121995787e-314 0.0 0.0 0.0 0.0 0.0 0.0 0.0 nan
=> 0x29e8640 <_ZN2v84base7ieee7543powEdd+48>:	and    $0x7fffffff,%r9d || 19434.26919555664 -0.169996352866292 -0.169996352866292 5.5611776e-316 0.0 5.56119303e-316 5e-323 2.121995787e-314 0.0 0.0 0.0 0.0 0.0 0.0 0.0 nan
=> 0x29e8647 <_ZN2v84base7ieee7543powEdd+55>:	cmp    $0x7ff00000,%r9d || 19434.26919555664 -0.169996352866292 -0.169996352866292 5.5611776e-316 0.0 5.56119303e-316 5e-323 2.121995787e-314 0.0 0.0 0.0 0.0 0.0 0.0 0.0 nan
=> 0x29e864e <_ZN2v84base7ieee7543powEdd+62>:	jg     0x29e86d8 <_ZN2v84base7ieee7543powEdd+200> || 19434.26919555664 -0.169996352866292 -0.169996352866292 5.5611776e-316 0.0 5.56119303e-316 5e-323 2.121995787e-314 0.0 0.0 0.0 0.0 0.0 0.0 0.0 nan
=> 0x29e8654 <_ZN2v84base7ieee7543powEdd+68>:	sete   %r10b || 19434.26919555664 -0.169996352866292 -0.169996352866292 5.5611776e-316 0.0 5.56119303e-316 5e-323 2.121995787e-314 0.0 0.0 0.0 0.0 0.0 0.0 0.0 nan
=> 0x29e8658 <_ZN2v84base7ieee7543powEdd+72>:	test   %edi,%edi || 19434.26919555664 -0.169996352866292 -0.169996352866292 5.5611776e-316 0.0 5.56119303e-316 5e-323 2.121995787e-314 0.0 0.0 0.0 0.0 0.0 0.0 0.0 nan
=> 0x29e865a <_ZN2v84base7ieee7543powEdd+74>:	setne  %cl || 19434.26919555664 -0.169996352866292 -0.169996352866292 5.5611776e-316 0.0 5.56119303e-316 5e-323 2.121995787e-314 0.0 0.0 0.0 0.0 0.0 0.0 0.0 nan
=> 0x29e865d <_ZN2v84base7ieee7543powEdd+77>:	test   %cl,%r10b || 19434.26919555664 -0.169996352866292 -0.169996352866292 5.5611776e-316 0.0 5.56119303e-316 5e-323 2.121995787e-314 0.0 0.0 0.0 0.0 0.0 0.0 0.0 nan
=> 0x29e8660 <_ZN2v84base7ieee7543powEdd+80>:	jne    0x29e86d8 <_ZN2v84base7ieee7543powEdd+200> || 19434.26919555664 -0.169996352866292 -0.169996352866292 5.5611776e-316 0.0 5.56119303e-316 5e-323 2.121995787e-314 0.0 0.0 0.0 0.0 0.0 0.0 0.0 nan
=> 0x29e8662 <_ZN2v84base7ieee7543powEdd+82>:	cmp    $0x7ff00000,%eax || 19434.26919555664 -0.169996352866292 -0.169996352866292 5.5611776e-316 0.0 5.56119303e-316 5e-323 2.121995787e-314 0.0 0.0 0.0 0.0 0.0 0.0 0.0 nan
=> 0x29e8667 <_ZN2v84base7ieee7543powEdd+87>:	jg     0x29e86d8 <_ZN2v84base7ieee7543powEdd+200> || 19434.26919555664 -0.169996352866292 -0.169996352866292 5.5611776e-316 0.0 5.56119303e-316 5e-323 2.121995787e-314 0.0 0.0 0.0 0.0 0.0 0.0 0.0 nan
=> 0x29e8669 <_ZN2v84base7ieee7543powEdd+89>:	jne    0x29e866f <_ZN2v84base7ieee7543powEdd+95> || 19434.26919555664 -0.169996352866292 -0.169996352866292 5.5611776e-316 0.0 5.56119303e-316 5e-323 2.121995787e-314 0.0 0.0 0.0 0.0 0.0 0.0 0.0 nan
=> 0x29e866f <_ZN2v84base7ieee7543powEdd+95>:	push   %rbp || 19434.26919555664 -0.169996352866292 -0.169996352866292 5.5611776e-316 0.0 5.56119303e-316 5e-323 2.121995787e-314 0.0 0.0 0.0 0.0 0.0 0.0 0.0 nan
=> 0x29e8670 <_ZN2v84base7ieee7543powEdd+96>:	xor    %r10d,%r10d || 19434.26919555664 -0.169996352866292 -0.169996352866292 5.5611776e-316 0.0 5.56119303e-316 5e-323 2.121995787e-314 0.0 0.0 0.0 0.0 0.0 0.0 0.0 nan
=> 0x29e8673 <_ZN2v84base7ieee7543powEdd+99>:	mov    %rsp,%rbp || 19434.26919555664 -0.169996352866292 -0.169996352866292 5.5611776e-316 0.0 5.56119303e-316 5e-323 2.121995787e-314 0.0 0.0 0.0 0.0 0.0 0.0 0.0 nan
=> 0x29e8676 <_ZN2v84base7ieee7543powEdd+102>:	push   %rbx || 19434.26919555664 -0.169996352866292 -0.169996352866292 5.5611776e-316 0.0 5.56119303e-316 5e-323 2.121995787e-314 0.0 0.0 0.0 0.0 0.0 0.0 0.0 nan
=> 0x29e8677 <_ZN2v84base7ieee7543powEdd+103>:	sub    $0x18,%rsp || 19434.26919555664 -0.169996352866292 -0.169996352866292 5.5611776e-316 0.0 5.56119303e-316 5e-323 2.121995787e-314 0.0 0.0 0.0 0.0 0.0 0.0 0.0 nan
=> 0x29e867b <_ZN2v84base7ieee7543powEdd+107>:	test   %r8d,%r8d || 19434.26919555664 -0.169996352866292 -0.169996352866292 5.5611776e-316 0.0 5.56119303e-316 5e-323 2.121995787e-314 0.0 0.0 0.0 0.0 0.0 0.0 0.0 nan
=> 0x29e867e <_ZN2v84base7ieee7543powEdd+110>:	js     0x29e8788 <_ZN2v84base7ieee7543powEdd+376> || 19434.26919555664 -0.169996352866292 -0.169996352866292 5.5611776e-316 0.0 5.56119303e-316 5e-323 2.121995787e-314 0.0 0.0 0.0 0.0 0.0 0.0 0.0 nan
=> 0x29e8684 <_ZN2v84base7ieee7543powEdd+116>:	test   %esi,%esi || 19434.26919555664 -0.169996352866292 -0.169996352866292 5.5611776e-316 0.0 5.56119303e-316 5e-323 2.121995787e-314 0.0 0.0 0.0 0.0 0.0 0.0 0.0 nan
=> 0x29e8686 <_ZN2v84base7ieee7543powEdd+118>:	jne    0x29e86f8 <_ZN2v84base7ieee7543powEdd+232> || 19434.26919555664 -0.169996352866292 -0.169996352866292 5.5611776e-316 0.0 5.56119303e-316 5e-323 2.121995787e-314 0.0 0.0 0.0 0.0 0.0 0.0 0.0 nan
=> 0x29e86f8 <_ZN2v84base7ieee7543powEdd+232>:	movapd %xmm0,%xmm2 || 19434.26919555664 -0.169996352866292 -0.169996352866292 5.5611776e-316 0.0 5.56119303e-316 5e-323 2.121995787e-314 0.0 0.0 0.0 0.0 0.0 0.0 0.0 nan
=> 0x29e86fc <_ZN2v84base7ieee7543powEdd+236>:	andpd  0xa3d11c(%rip),%xmm2        # 0x3425820 || 19434.26919555664 -0.169996352866292 19434.26919555664 5.5611776e-316 0.0 5.56119303e-316 5e-323 2.121995787e-314 0.0 0.0 0.0 0.0 0.0 0.0 0.0 nan
=> 0x29e8704 <_ZN2v84base7ieee7543powEdd+244>:	test   %edi,%edi || 19434.26919555664 -0.169996352866292 19434.26919555664 5.5611776e-316 0.0 5.56119303e-316 5e-323 2.121995787e-314 0.0 0.0 0.0 0.0 0.0 0.0 0.0 nan
=> 0x29e8706 <_ZN2v84base7ieee7543powEdd+246>:	je     0x29e87e8 <_ZN2v84base7ieee7543powEdd+472> || 19434.26919555664 -0.169996352866292 19434.26919555664 5.5611776e-316 0.0 5.56119303e-316 5e-323 2.121995787e-314 0.0 0.0 0.0 0.0 0.0 0.0 0.0 nan
=> 0x29e870c <_ZN2v84base7ieee7543powEdd+252>:	mov    %r8d,%ecx || 19434.26919555664 -0.169996352866292 19434.26919555664 5.5611776e-316 0.0 5.56119303e-316 5e-323 2.121995787e-314 0.0 0.0 0.0 0.0 0.0 0.0 0.0 nan
=> 0x29e870f <_ZN2v84base7ieee7543powEdd+255>:	sar    $0x1f,%ecx || 19434.26919555664 -0.169996352866292 19434.26919555664 5.5611776e-316 0.0 5.56119303e-316 5e-323 2.121995787e-314 0.0 0.0 0.0 0.0 0.0 0.0 0.0 nan
=> 0x29e8712 <_ZN2v84base7ieee7543powEdd+258>:	add    $0x1,%ecx || 19434.26919555664 -0.169996352866292 19434.26919555664 5.5611776e-316 0.0 5.56119303e-316 5e-323 2.121995787e-314 0.0 0.0 0.0 0.0 0.0 0.0 0.0 nan
=> 0x29e8715 <_ZN2v84base7ieee7543powEdd+261>:	mov    %ecx,%edi || 19434.26919555664 -0.169996352866292 19434.26919555664 5.5611776e-316 0.0 5.56119303e-316 5e-323 2.121995787e-314 0.0 0.0 0.0 0.0 0.0 0.0 0.0 nan
=> 0x29e8717 <_ZN2v84base7ieee7543powEdd+263>:	or     %r10d,%edi || 19434.26919555664 -0.169996352866292 19434.26919555664 5.5611776e-316 0.0 5.56119303e-316 5e-323 2.121995787e-314 0.0 0.0 0.0 0.0 0.0 0.0 0.0 nan
=> 0x29e871a <_ZN2v84base7ieee7543powEdd+266>:	je     0x29e8820 <_ZN2v84base7ieee7543powEdd+528> || 19434.26919555664 -0.169996352866292 19434.26919555664 5.5611776e-316 0.0 5.56119303e-316 5e-323 2.121995787e-314 0.0 0.0 0.0 0.0 0.0 0.0 0.0 nan
=> 0x29e8720 <_ZN2v84base7ieee7543powEdd+272>:	sub    $0x1,%r10d || 19434.26919555664 -0.169996352866292 19434.26919555664 5.5611776e-316 0.0 5.56119303e-316 5e-323 2.121995787e-314 0.0 0.0 0.0 0.0 0.0 0.0 0.0 nan
=> 0x29e8724 <_ZN2v84base7ieee7543powEdd+276>:	or     %ecx,%r10d || 19434.26919555664 -0.169996352866292 19434.26919555664 5.5611776e-316 0.0 5.56119303e-316 5e-323 2.121995787e-314 0.0 0.0 0.0 0.0 0.0 0.0 0.0 nan
=> 0x29e8727 <_ZN2v84base7ieee7543powEdd+279>:	jne    0x29e8d40 <_ZN2v84base7ieee7543powEdd+1840> || 19434.26919555664 -0.169996352866292 19434.26919555664 5.5611776e-316 0.0 5.56119303e-316 5e-323 2.121995787e-314 0.0 0.0 0.0 0.0 0.0 0.0 0.0 nan
=> 0x29e8d40 <_ZN2v84base7ieee7543powEdd+1840>:	movsd  0x3b2f840(%rip),%xmm6        # 0x6518588 || 19434.26919555664 -0.169996352866292 19434.26919555664 5.5611776e-316 0.0 5.56119303e-316 5e-323 2.121995787e-314 0.0 0.0 0.0 0.0 0.0 0.0 0.0 nan
=> 0x29e8d48 <_ZN2v84base7ieee7543powEdd+1848>:	movsd  0xa1b320(%rip),%xmm4        # 0x3404070 || 19434.26919555664 -0.169996352866292 19434.26919555664 5.5611776e-316 0.0 5.56119303e-316 1e+300 2.121995787e-314 0.0 0.0 0.0 0.0 0.0 0.0 0.0 nan
=> 0x29e8d50 <_ZN2v84base7ieee7543powEdd+1856>:	pxor   %xmm5,%xmm5 || 19434.26919555664 -0.169996352866292 19434.26919555664 5.5611776e-316 1.0 5.56119303e-316 1e+300 2.121995787e-314 0.0 0.0 0.0 0.0 0.0 0.0 0.0 nan
=> 0x29e8d54 <_ZN2v84base7ieee7543powEdd+1860>:	jmp    0x29e8745 <_ZN2v84base7ieee7543powEdd+309> || 19434.26919555664 -0.169996352866292 19434.26919555664 5.5611776e-316 1.0 0.0 1e+300 2.121995787e-314 0.0 0.0 0.0 0.0 0.0 0.0 0.0 nan
=> 0x29e8745 <_ZN2v84base7ieee7543powEdd+309>:	cmp    $0x41e00000,%eax || 19434.26919555664 -0.169996352866292 19434.26919555664 5.5611776e-316 1.0 0.0 1e+300 2.121995787e-314 0.0 0.0 0.0 0.0 0.0 0.0 0.0 nan
=> 0x29e874a <_ZN2v84base7ieee7543powEdd+314>:	jle    0x29e8870 <_ZN2v84base7ieee7543powEdd+608> || 19434.26919555664 -0.169996352866292 19434.26919555664 5.5611776e-316 1.0 0.0 1e+300 2.121995787e-314 0.0 0.0 0.0 0.0 0.0 0.0 0.0 nan
=> 0x29e8870 <_ZN2v84base7ieee7543powEdd+608>:	test   $0x7ff00000,%r8d || 19434.26919555664 -0.169996352866292 19434.26919555664 5.5611776e-316 1.0 0.0 1e+300 2.121995787e-314 0.0 0.0 0.0 0.0 0.0 0.0 0.0 nan
=> 0x29e8877 <_ZN2v84base7ieee7543powEdd+615>:	je     0x29e8e2a <_ZN2v84base7ieee7543powEdd+2074> || 19434.26919555664 -0.169996352866292 19434.26919555664 5.5611776e-316 1.0 0.0 1e+300 2.121995787e-314 0.0 0.0 0.0 0.0 0.0 0.0 0.0 nan
=> 0x29e887d <_ZN2v84base7ieee7543powEdd+621>:	movq   %xmm2,%rax || 19434.26919555664 -0.169996352866292 19434.26919555664 5.5611776e-316 1.0 0.0 1e+300 2.121995787e-314 0.0 0.0 0.0 0.0 0.0 0.0 0.0 nan
=> 0x29e8882 <_ZN2v84base7ieee7543powEdd+626>:	xor    %ecx,%ecx || 19434.26919555664 -0.169996352866292 19434.26919555664 5.5611776e-316 1.0 0.0 1e+300 2.121995787e-314 0.0 0.0 0.0 0.0 0.0 0.0 0.0 nan
=> 0x29e8884 <_ZN2v84base7ieee7543powEdd+628>:	mov    %r9d,%edx || 19434.26919555664 -0.169996352866292 19434.26919555664 5.5611776e-316 1.0 0.0 1e+300 2.121995787e-314 0.0 0.0 0.0 0.0 0.0 0.0 0.0 nan
=> 0x29e8887 <_ZN2v84base7ieee7543powEdd+631>:	and    $0xfffff,%r9d || 19434.26919555664 -0.169996352866292 19434.26919555664 5.5611776e-316 1.0 0.0 1e+300 2.121995787e-314 0.0 0.0 0.0 0.0 0.0 0.0 0.0 nan
=> 0x29e888e <_ZN2v84base7ieee7543powEdd+638>:	sar    $0x14,%edx || 19434.26919555664 -0.169996352866292 19434.26919555664 5.5611776e-316 1.0 0.0 1e+300 2.121995787e-314 0.0 0.0 0.0 0.0 0.0 0.0 0.0 nan
=> 0x29e8891 <_ZN2v84base7ieee7543powEdd+641>:	lea    -0x3ff(%rcx,%rdx,1),%edx || 19434.26919555664 -0.169996352866292 19434.26919555664 5.5611776e-316 1.0 0.0 1e+300 2.121995787e-314 0.0 0.0 0.0 0.0 0.0 0.0 0.0 nan
=> 0x29e8898 <_ZN2v84base7ieee7543powEdd+648>:	mov    %r9d,%ecx || 19434.26919555664 -0.169996352866292 19434.26919555664 5.5611776e-316 1.0 0.0 1e+300 2.121995787e-314 0.0 0.0 0.0 0.0 0.0 0.0 0.0 nan
=> 0x29e889b <_ZN2v84base7ieee7543powEdd+651>:	or     $0x3ff00000,%ecx || 19434.26919555664 -0.169996352866292 19434.26919555664 5.5611776e-316 1.0 0.0 1e+300 2.121995787e-314 0.0 0.0 0.0 0.0 0.0 0.0 0.0 nan
=> 0x29e88a1 <_ZN2v84base7ieee7543powEdd+657>:	cmp    $0x3988e,%r9d || 19434.26919555664 -0.169996352866292 19434.26919555664 5.5611776e-316 1.0 0.0 1e+300 2.121995787e-314 0.0 0.0 0.0 0.0 0.0 0.0 0.0 nan
=> 0x29e88a8 <_ZN2v84base7ieee7543powEdd+664>:	jle    0x29e88c0 <_ZN2v84base7ieee7543powEdd+688> || 19434.26919555664 -0.169996352866292 19434.26919555664 5.5611776e-316 1.0 0.0 1e+300 2.121995787e-314 0.0 0.0 0.0 0.0 0.0 0.0 0.0 nan
=> 0x29e88c0 <_ZN2v84base7ieee7543powEdd+688>:	movsd  0xa1b7a7(%rip),%xmm12        # 0x3404070 || 19434.26919555664 -0.169996352866292 19434.26919555664 5.5611776e-316 1.0 0.0 1e+300 2.121995787e-314 0.0 0.0 0.0 0.0 0.0 0.0 0.0 nan
=> 0x29e88c9 <_ZN2v84base7ieee7543powEdd+697>:	pxor   %xmm9,%xmm9 || 19434.26919555664 -0.169996352866292 19434.26919555664 5.5611776e-316 1.0 0.0 1e+300 2.121995787e-314 0.0 0.0 0.0 0.0 1.0 0.0 0.0 nan
=> 0x29e88ce <_ZN2v84base7ieee7543powEdd+702>:	xor    %edi,%edi || 19434.26919555664 -0.169996352866292 19434.26919555664 5.5611776e-316 1.0 0.0 1e+300 2.121995787e-314 0.0 0.0 0.0 0.0 1.0 0.0 0.0 nan
=> 0x29e88d0 <_ZN2v84base7ieee7543powEdd+704>:	movapd %xmm9,%xmm7 || 19434.26919555664 -0.169996352866292 19434.26919555664 5.5611776e-316 1.0 0.0 1e+300 2.121995787e-314 0.0 0.0 0.0 0.0 1.0 0.0 0.0 nan
=> 0x29e88d5 <_ZN2v84base7ieee7543powEdd+709>:	movapd %xmm9,%xmm8 || 19434.26919555664 -0.169996352866292 19434.26919555664 5.5611776e-316 1.0 0.0 1e+300 0.0 0.0 0.0 0.0 0.0 1.0 0.0 0.0 nan
=> 0x29e88da <_ZN2v84base7ieee7543powEdd+714>:	mov    %rcx,%r8 || 19434.26919555664 -0.169996352866292 19434.26919555664 5.5611776e-316 1.0 0.0 1e+300 0.0 0.0 0.0 0.0 0.0 1.0 0.0 0.0 nan
=> 0x29e88dd <_ZN2v84base7ieee7543powEdd+717>:	mov    %eax,%eax || 19434.26919555664 -0.169996352866292 19434.26919555664 5.5611776e-316 1.0 0.0 1e+300 0.0 0.0 0.0 0.0 0.0 1.0 0.0 0.0 nan
=> 0x29e88df <_ZN2v84base7ieee7543powEdd+719>:	shl    $0x20,%r8 || 19434.26919555664 -0.169996352866292 19434.26919555664 5.5611776e-316 1.0 0.0 1e+300 0.0 0.0 0.0 0.0 0.0 1.0 0.0 0.0 nan
=> 0x29e88e3 <_ZN2v84base7ieee7543powEdd+723>:	or     %r8,%rax || 19434.26919555664 -0.169996352866292 19434.26919555664 5.5611776e-316 1.0 0.0 1e+300 0.0 0.0 0.0 0.0 0.0 1.0 0.0 0.0 nan
=> 0x29e88e6 <_ZN2v84base7ieee7543powEdd+726>:	movq   %rax,%xmm3 || 19434.26919555664 -0.169996352866292 19434.26919555664 5.5611776e-316 1.0 0.0 1e+300 0.0 0.0 0.0 0.0 0.0 1.0 0.0 0.0 nan
=> 0x29e88eb <_ZN2v84base7ieee7543powEdd+731>:	movq   %rax,%xmm0 || 19434.26919555664 -0.169996352866292 19434.26919555664 1.1861736569553614 1.0 0.0 1e+300 0.0 0.0 0.0 0.0 0.0 1.0 0.0 0.0 nan
=> 0x29e88f0 <_ZN2v84base7ieee7543powEdd+736>:	movq   %rax,%xmm2 || 1.1861736569553614 -0.169996352866292 19434.26919555664 1.1861736569553614 1.0 0.0 1e+300 0.0 0.0 0.0 0.0 0.0 1.0 0.0 0.0 nan
=> 0x29e88f5 <_ZN2v84base7ieee7543powEdd+741>:	addsd  %xmm12,%xmm3 || 1.1861736569553614 -0.169996352866292 1.1861736569553614 1.1861736569553614 1.0 0.0 1e+300 0.0 0.0 0.0 0.0 0.0 1.0 0.0 0.0 nan
=> 0x29e88fa <_ZN2v84base7ieee7543powEdd+746>:	subsd  %xmm12,%xmm0 || 1.1861736569553614 -0.169996352866292 1.1861736569553614 2.1861736569553614 1.0 0.0 1e+300 0.0 0.0 0.0 0.0 0.0 1.0 0.0 0.0 nan
=> 0x29e88ff <_ZN2v84base7ieee7543powEdd+751>:	ucomisd %xmm9,%xmm3 || 0.18617365695536137 -0.169996352866292 1.1861736569553614 2.1861736569553614 1.0 0.0 1e+300 0.0 0.0 0.0 0.0 0.0 1.0 0.0 0.0 nan
=> 0x29e8904 <_ZN2v84base7ieee7543powEdd+756>:	jp     0x29e8f96 <_ZN2v84base7ieee7543powEdd+2438> || 0.18617365695536137 -0.169996352866292 1.1861736569553614 2.1861736569553614 1.0 0.0 1e+300 0.0 0.0 0.0 0.0 0.0 1.0 0.0 0.0 nan
=> 0x29e890a <_ZN2v84base7ieee7543powEdd+762>:	comisd %xmm9,%xmm3 || 0.18617365695536137 -0.169996352866292 1.1861736569553614 2.1861736569553614 1.0 0.0 1e+300 0.0 0.0 0.0 0.0 0.0 1.0 0.0 0.0 nan
=> 0x29e890f <_ZN2v84base7ieee7543powEdd+767>:	jne    0x29e8f96 <_ZN2v84base7ieee7543powEdd+2438> || 0.18617365695536137 -0.169996352866292 1.1861736569553614 2.1861736569553614 1.0 0.0 1e+300 0.0 0.0 0.0 0.0 0.0 1.0 0.0 0.0 nan
=> 0x29e8f96 <_ZN2v84base7ieee7543powEdd+2438>:	movsd  0xa1b0d1(%rip),%xmm10        # 0x3404070 || 0.18617365695536137 -0.169996352866292 1.1861736569553614 2.1861736569553614 1.0 0.0 1e+300 0.0 0.0 0.0 0.0 0.0 1.0 0.0 0.0 nan
=> 0x29e8f9f <_ZN2v84base7ieee7543powEdd+2447>:	divsd  %xmm3,%xmm10 || 0.18617365695536137 -0.169996352866292 1.1861736569553614 2.1861736569553614 1.0 0.0 1e+300 0.0 0.0 0.0 1.0 0.0 1.0 0.0 0.0 nan
=> 0x29e8fa4 <_ZN2v84base7ieee7543powEdd+2452>:	jmp    0x29e892f <_ZN2v84base7ieee7543powEdd+799> || 0.18617365695536137 -0.169996352866292 1.1861736569553614 2.1861736569553614 1.0 0.0 1e+300 0.0 0.0 0.0 0.45742020393415556 0.0 1.0 0.0 0.0 nan
=> 0x29e892f <_ZN2v84base7ieee7543powEdd+799>:	movapd %xmm0,%xmm9 || 0.18617365695536137 -0.169996352866292 1.1861736569553614 2.1861736569553614 1.0 0.0 1e+300 0.0 0.0 0.0 0.45742020393415556 0.0 1.0 0.0 0.0 nan
=> 0x29e8934 <_ZN2v84base7ieee7543powEdd+804>:	sar    $1,%ecx || 0.18617365695536137 -0.169996352866292 1.1861736569553614 2.1861736569553614 1.0 0.0 1e+300 0.0 0.0 0.18617365695536137 0.45742020393415556 0.0 1.0 0.0 0.0 nan
=> 0x29e8936 <_ZN2v84base7ieee7543powEdd+806>:	movabs $0xffffffff00000000,%rax || 0.18617365695536137 -0.169996352866292 1.1861736569553614 2.1861736569553614 1.0 0.0 1e+300 0.0 0.0 0.18617365695536137 0.45742020393415556 0.0 1.0 0.0 0.0 nan
=> 0x29e8940 <_ZN2v84base7ieee7543powEdd+816>:	mulsd  %xmm10,%xmm9 || 0.18617365695536137 -0.169996352866292 1.1861736569553614 2.1861736569553614 1.0 0.0 1e+300 0.0 0.0 0.18617365695536137 0.45742020393415556 0.0 1.0 0.0 0.0 nan
=> 0x29e8945 <_ZN2v84base7ieee7543powEdd+821>:	or     $0x20000000,%ecx || 0.18617365695536137 -0.169996352866292 1.1861736569553614 2.1861736569553614 1.0 0.0 1e+300 0.0 0.0 0.08515959213168892 0.45742020393415556 0.0 1.0 0.0 0.0 nan
=> 0x29e894b <_ZN2v84base7ieee7543powEdd+827>:	lea    0x80000(%rdi,%rcx,1),%ecx || 0.18617365695536137 -0.169996352866292 1.1861736569553614 2.1861736569553614 1.0 0.0 1e+300 0.0 0.0 0.08515959213168892 0.45742020393415556 0.0 1.0 0.0 0.0 nan
=> 0x29e8952 <_ZN2v84base7ieee7543powEdd+834>:	mov    %rcx,%rdi || 0.18617365695536137 -0.169996352866292 1.1861736569553614 2.1861736569553614 1.0 0.0 1e+300 0.0 0.0 0.08515959213168892 0.45742020393415556 0.0 1.0 0.0 0.0 nan
=> 0x29e8955 <_ZN2v84base7ieee7543powEdd+837>:	shl    $0x20,%rdi || 0.18617365695536137 -0.169996352866292 1.1861736569553614 2.1861736569553614 1.0 0.0 1e+300 0.0 0.0 0.08515959213168892 0.45742020393415556 0.0 1.0 0.0 0.0 nan
=> 0x29e8959 <_ZN2v84base7ieee7543powEdd+841>:	movq   %rdi,%xmm3 || 0.18617365695536137 -0.169996352866292 1.1861736569553614 2.1861736569553614 1.0 0.0 1e+300 0.0 0.0 0.08515959213168892 0.45742020393415556 0.0 1.0 0.0 0.0 nan
=> 0x29e895e <_ZN2v84base7ieee7543powEdd+846>:	movq   %xmm9,%r11 || 0.18617365695536137 -0.169996352866292 1.1861736569553614 2.1861724853515625 1.0 0.0 1e+300 0.0 0.0 0.08515959213168892 0.45742020393415556 0.0 1.0 0.0 0.0 nan
=> 0x29e8963 <_ZN2v84base7ieee7543powEdd+851>:	and    %rax,%r11 || 0.18617365695536137 -0.169996352866292 1.1861736569553614 2.1861724853515625 1.0 0.0 1e+300 0.0 0.0 0.08515959213168892 0.45742020393415556 0.0 1.0 0.0 0.0 nan
=> 0x29e8966 <_ZN2v84base7ieee7543powEdd+854>:	movq   %r11,%xmm13 || 0.18617365695536137 -0.169996352866292 1.1861736569553614 2.1861724853515625 1.0 0.0 1e+300 0.0 0.0 0.08515959213168892 0.45742020393415556 0.0 1.0 0.0 0.0 nan
=> 0x29e896b <_ZN2v84base7ieee7543powEdd+859>:	movq   %r11,%xmm11 || 0.18617365695536137 -0.169996352866292 1.1861736569553614 2.1861724853515625 1.0 0.0 1e+300 0.0 0.0 0.08515959213168892 0.45742020393415556 0.0 1.0 0.0851595401763916 0.0 nan
=> 0x29e8970 <_ZN2v84base7ieee7543powEdd+864>:	mulsd  %xmm3,%xmm13 || 0.18617365695536137 -0.169996352866292 1.1861736569553614 2.1861724853515625 1.0 0.0 1e+300 0.0 0.0 0.08515959213168892 0.45742020393415556 0.0851595401763916 1.0 0.0851595401763916 0.0 nan
=> 0x29e8975 <_ZN2v84base7ieee7543powEdd+869>:	subsd  %xmm12,%xmm3 || 0.18617365695536137 -0.169996352866292 1.1861736569553614 2.1861724853515625 1.0 0.0 1e+300 0.0 0.0 0.08515959213168892 0.45742020393415556 0.0851595401763916 1.0 0.18617344359881827 0.0 nan
=> 0x29e897a <_ZN2v84base7ieee7543powEdd+874>:	movq   %r11,%xmm12 || 0.18617365695536137 -0.169996352866292 1.1861736569553614 1.1861724853515625 1.0 0.0 1e+300 0.0 0.0 0.08515959213168892 0.45742020393415556 0.0851595401763916 1.0 0.18617344359881827 0.0 nan
=> 0x29e897f <_ZN2v84base7ieee7543powEdd+879>:	mulsd  %xmm11,%xmm12 || 0.18617365695536137 -0.169996352866292 1.1861736569553614 1.1861724853515625 1.0 0.0 1e+300 0.0 0.0 0.08515959213168892 0.45742020393415556 0.0851595401763916 0.0851595401763916 0.18617344359881827 0.0 nan
=> 0x29e8984 <_ZN2v84base7ieee7543powEdd+884>:	subsd  %xmm3,%xmm2 || 0.18617365695536137 -0.169996352866292 1.1861736569553614 1.1861724853515625 1.0 0.0 1e+300 0.0 0.0 0.08515959213168892 0.45742020393415556 0.0851595401763916 0.007252147283054455 0.18617344359881827 0.0 nan
=> 0x29e8988 <_ZN2v84base7ieee7543powEdd+888>:	movapd %xmm9,%xmm3 || 0.18617365695536137 -0.169996352866292 1.171603798866272e-06 1.1861724853515625 1.0 0.0 1e+300 0.0 0.0 0.08515959213168892 0.45742020393415556 0.0851595401763916 0.007252147283054455 0.18617344359881827 0.0 nan
=> 0x29e898d <_ZN2v84base7ieee7543powEdd+893>:	mulsd  %xmm9,%xmm3 || 0.18617365695536137 -0.169996352866292 1.171603798866272e-06 0.08515959213168892 1.0 0.0 1e+300 0.0 0.0 0.08515959213168892 0.45742020393415556 0.0851595401763916 0.007252147283054455 0.18617344359881827 0.0 nan
=> 0x29e8992 <_ZN2v84base7ieee7543powEdd+898>:	subsd  %xmm13,%xmm0 || 0.18617365695536137 -0.169996352866292 1.171603798866272e-06 0.0072521561320356125 1.0 0.0 1e+300 0.0 0.0 0.08515959213168892 0.45742020393415556 0.0851595401763916 0.007252147283054455 0.18617344359881827 0.0 nan
=> 0x29e8997 <_ZN2v84base7ieee7543powEdd+903>:	movsd  0xa4c2a0(%rip),%xmm13        # 0x3434c40 || 2.133565430995077e-07 -0.169996352866292 1.171603798866272e-06 0.0072521561320356125 1.0 0.0 1e+300 0.0 0.0 0.08515959213168892 0.45742020393415556 0.0851595401763916 0.007252147283054455 0.18617344359881827 0.0 nan
=> 0x29e89a0 <_ZN2v84base7ieee7543powEdd+912>:	mulsd  %xmm11,%xmm2 || 2.133565430995077e-07 -0.169996352866292 1.171603798866272e-06 0.0072521561320356125 1.0 0.0 1e+300 0.0 0.0 0.08515959213168892 0.45742020393415556 0.0851595401763916 0.007252147283054455 3.0 0.0 nan
=> 0x29e89a5 <_ZN2v84base7ieee7543powEdd+917>:	subsd  %xmm2,%xmm0 || 2.133565430995077e-07 -0.169996352866292 9.977324078036531e-08 0.0072521561320356125 1.0 0.0 1e+300 0.0 0.0 0.08515959213168892 0.45742020393415556 0.0851595401763916 0.007252147283054455 3.0 0.0 nan
=> 0x29e89a9 <_ZN2v84base7ieee7543powEdd+921>:	movsd  0x3b2feb7(%rip),%xmm2        # 0x6518868 || 1.1358330231914238e-07 -0.169996352866292 9.977324078036531e-08 0.0072521561320356125 1.0 0.0 1e+300 0.0 0.0 0.08515959213168892 0.45742020393415556 0.0851595401763916 0.007252147283054455 3.0 0.0 nan
=> 0x29e89b1 <_ZN2v84base7ieee7543powEdd+929>:	mulsd  %xmm3,%xmm2 || 1.1358330231914238e-07 -0.169996352866292 0.20697501780033842 0.0072521561320356125 1.0 0.0 1e+300 0.0 0.0 0.08515959213168892 0.45742020393415556 0.0851595401763916 0.007252147283054455 3.0 0.0 nan
=> 0x29e89b5 <_ZN2v84base7ieee7543powEdd+933>:	addsd  0x3b2feb3(%rip),%xmm2        # 0x6518870 || 1.1358330231914238e-07 -0.169996352866292 0.0015010151445189043 0.0072521561320356125 1.0 0.0 1e+300 0.0 0.0 0.08515959213168892 0.45742020393415556 0.0851595401763916 0.007252147283054455 3.0 0.0 nan
=> 0x29e89bd <_ZN2v84base7ieee7543powEdd+941>:	mulsd  %xmm0,%xmm10 || 1.1358330231914238e-07 -0.169996352866292 0.23216176092008065 0.0072521561320356125 1.0 0.0 1e+300 0.0 0.0 0.08515959213168892 0.45742020393415556 0.0851595401763916 0.007252147283054455 3.0 0.0 nan
=> 0x29e89c2 <_ZN2v84base7ieee7543powEdd+946>:	movapd %xmm12,%xmm0 || 1.1358330231914238e-07 -0.169996352866292 0.23216176092008065 0.0072521561320356125 1.0 0.0 1e+300 0.0 0.0 0.08515959213168892 5.195529731033695e-08 0.0851595401763916 0.007252147283054455 3.0 0.0 nan
=> 0x29e89c7 <_ZN2v84base7ieee7543powEdd+951>:	addsd  %xmm13,%xmm0 || 0.007252147283054455 -0.169996352866292 0.23216176092008065 0.0072521561320356125 1.0 0.0 1e+300 0.0 0.0 0.08515959213168892 5.195529731033695e-08 0.0851595401763916 0.007252147283054455 3.0 0.0 nan
=> 0x29e89cc <_ZN2v84base7ieee7543powEdd+956>:	mulsd  %xmm3,%xmm2 || 3.0072521472830545 -0.169996352866292 0.23216176092008065 0.0072521561320356125 1.0 0.0 1e+300 0.0 0.0 0.08515959213168892 5.195529731033695e-08 0.0851595401763916 0.007252147283054455 3.0 0.0 nan
=> 0x29e89d0 <_ZN2v84base7ieee7543powEdd+960>:	addsd  0x3b2fea0(%rip),%xmm2        # 0x6518878 || 3.0072521472830545 -0.169996352866292 0.0016836733380807486 0.0072521561320356125 1.0 0.0 1e+300 0.0 0.0 0.08515959213168892 5.195529731033695e-08 0.0851595401763916 0.007252147283054455 3.0 0.0 nan
=> 0x29e89d8 <_ZN2v84base7ieee7543powEdd+968>:	mulsd  %xmm3,%xmm2 || 3.0072521472830545 -0.169996352866292 0.27441179714661473 0.0072521561320356125 1.0 0.0 1e+300 0.0 0.0 0.08515959213168892 5.195529731033695e-08 0.0851595401763916 0.007252147283054455 3.0 0.0 nan
=> 0x29e89dc <_ZN2v84base7ieee7543powEdd+972>:	addsd  0x3b2fe9c(%rip),%xmm2        # 0x6518880 || 3.0072521472830545 -0.169996352866292 0.0019900771973797348 0.0072521561320356125 1.0 0.0 1e+300 0.0 0.0 0.08515959213168892 5.195529731033695e-08 0.0851595401763916 0.007252147283054455 3.0 0.0 nan
=> 0x29e89e4 <_ZN2v84base7ieee7543powEdd+980>:	mulsd  %xmm3,%xmm2 || 3.0072521472830545 -0.169996352866292 0.3353234070157572 0.0072521561320356125 1.0 0.0 1e+300 0.0 0.0 0.08515959213168892 5.195529731033695e-08 0.0851595401763916 0.007252147283054455 3.0 0.0 nan
=> 0x29e89e8 <_ZN2v84base7ieee7543powEdd+984>:	addsd  0x3b2fe98(%rip),%xmm2        # 0x6518888 || 3.0072521472830545 -0.169996352866292 0.002431817702404397 0.0072521561320356125 1.0 0.0 1e+300 0.0 0.0 0.08515959213168892 5.195529731033695e-08 0.0851595401763916 0.007252147283054455 3.0 0.0 nan
=> 0x29e89f0 <_ZN2v84base7ieee7543powEdd+992>:	mulsd  %xmm3,%xmm2 || 3.0072521472830545 -0.169996352866292 0.4310032462809546 0.0072521561320356125 1.0 0.0 1e+300 0.0 0.0 0.08515959213168892 5.195529731033695e-08 0.0851595401763916 0.007252147283054455 3.0 0.0 nan
=> 0x29e89f4 <_ZN2v84base7ieee7543powEdd+996>:	mulsd  %xmm3,%xmm3 || 3.0072521472830545 -0.169996352866292 0.00312570283544368 0.0072521561320356125 1.0 0.0 1e+300 0.0 0.0 0.08515959213168892 5.195529731033695e-08 0.0851595401763916 0.007252147283054455 3.0 0.0 nan
=> 0x29e89f8 <_ZN2v84base7ieee7543powEdd+1000>:	addsd  0x3b2fe90(%rip),%xmm2        # 0x6518890 || 3.0072521472830545 -0.169996352866292 0.00312570283544368 5.2593768563421736e-05 1.0 0.0 1e+300 0.0 0.0 0.08515959213168892 5.195529731033695e-08 0.0851595401763916 0.007252147283054455 3.0 0.0 nan
=> 0x29e8a00 <_ZN2v84base7ieee7543powEdd+1008>:	mulsd  %xmm3,%xmm2 || 3.0072521472830545 -0.169996352866292 0.6031257028354383 5.2593768563421736e-05 1.0 0.0 1e+300 0.0 0.0 0.08515959213168892 5.195529731033695e-08 0.0851595401763916 0.007252147283054455 3.0 0.0 nan
=> 0x29e8a04 <_ZN2v84base7ieee7543powEdd+1012>:	movapd %xmm9,%xmm3 || 3.0072521472830545 -0.169996352866292 3.1720653629578117e-05 5.2593768563421736e-05 1.0 0.0 1e+300 0.0 0.0 0.08515959213168892 5.195529731033695e-08 0.0851595401763916 0.007252147283054455 3.0 0.0 nan
=> 0x29e8a09 <_ZN2v84base7ieee7543powEdd+1017>:	addsd  %xmm11,%xmm3 || 3.0072521472830545 -0.169996352866292 3.1720653629578117e-05 0.08515959213168892 1.0 0.0 1e+300 0.0 0.0 0.08515959213168892 5.195529731033695e-08 0.0851595401763916 0.007252147283054455 3.0 0.0 nan
=> 0x29e8a0e <_ZN2v84base7ieee7543powEdd+1022>:	mulsd  %xmm10,%xmm3 || 3.0072521472830545 -0.169996352866292 3.1720653629578117e-05 0.17031913230808052 1.0 0.0 1e+300 0.0 0.0 0.08515959213168892 5.195529731033695e-08 0.0851595401763916 0.007252147283054455 3.0 0.0 nan
=> 0x29e8a13 <_ZN2v84base7ieee7543powEdd+1027>:	addsd  %xmm2,%xmm3 || 3.0072521472830545 -0.169996352866292 3.1720653629578117e-05 8.848981156704938e-09 1.0 0.0 1e+300 0.0 0.0 0.08515959213168892 5.195529731033695e-08 0.0851595401763916 0.007252147283054455 3.0 0.0 nan
=> 0x29e8a17 <_ZN2v84base7ieee7543powEdd+1031>:	addsd  %xmm3,%xmm0 || 3.0072521472830545 -0.169996352866292 3.1720653629578117e-05 3.1729502610734825e-05 1.0 0.0 1e+300 0.0 0.0 0.08515959213168892 5.195529731033695e-08 0.0851595401763916 0.007252147283054455 3.0 0.0 nan
=> 0x29e8a1b <_ZN2v84base7ieee7543powEdd+1035>:	movq   %xmm0,%rdi || 3.007283876785665 -0.169996352866292 3.1720653629578117e-05 3.1729502610734825e-05 1.0 0.0 1e+300 0.0 0.0 0.08515959213168892 5.195529731033695e-08 0.0851595401763916 0.007252147283054455 3.0 0.0 nan
=> 0x29e8a20 <_ZN2v84base7ieee7543powEdd+1040>:	and    %rax,%rdi || 3.007283876785665 -0.169996352866292 3.1720653629578117e-05 3.1729502610734825e-05 1.0 0.0 1e+300 0.0 0.0 0.08515959213168892 5.195529731033695e-08 0.0851595401763916 0.007252147283054455 3.0 0.0 nan
=> 0x29e8a23 <_ZN2v84base7ieee7543powEdd+1043>:	movq   %rdi,%xmm2 || 3.007283876785665 -0.169996352866292 3.1720653629578117e-05 3.1729502610734825e-05 1.0 0.0 1e+300 0.0 0.0 0.08515959213168892 5.195529731033695e-08 0.0851595401763916 0.007252147283054455 3.0 0.0 nan
=> 0x29e8a28 <_ZN2v84base7ieee7543powEdd+1048>:	movq   %rdi,%xmm0 || 3.007283876785665 -0.169996352866292 3.007282257080078 3.1729502610734825e-05 1.0 0.0 1e+300 0.0 0.0 0.08515959213168892 5.195529731033695e-08 0.0851595401763916 0.007252147283054455 3.0 0.0 nan
=> 0x29e8a2d <_ZN2v84base7ieee7543powEdd+1053>:	subsd  %xmm13,%xmm2 || 3.007282257080078 -0.169996352866292 3.007282257080078 3.1729502610734825e-05 1.0 0.0 1e+300 0.0 0.0 0.08515959213168892 5.195529731033695e-08 0.0851595401763916 0.007252147283054455 3.0 0.0 nan
=> 0x29e8a32 <_ZN2v84base7ieee7543powEdd+1058>:	mulsd  %xmm0,%xmm11 || 3.007282257080078 -0.169996352866292 0.007282257080078125 3.1729502610734825e-05 1.0 0.0 1e+300 0.0 0.0 0.08515959213168892 5.195529731033695e-08 0.0851595401763916 0.007252147283054455 3.0 0.0 nan
=> 0x29e8a37 <_ZN2v84base7ieee7543powEdd+1063>:	mulsd  %xmm10,%xmm0 || 3.007282257080078 -0.169996352866292 0.007282257080078125 3.1729502610734825e-05 1.0 0.0 1e+300 0.0 0.0 0.08515959213168892 5.195529731033695e-08 0.25609877419356053 0.007252147283054455 3.0 0.0 nan
=> 0x29e8a3c <_ZN2v84base7ieee7543powEdd+1068>:	subsd  %xmm12,%xmm2 || 1.5624424376269662e-07 -0.169996352866292 0.007282257080078125 3.1729502610734825e-05 1.0 0.0 1e+300 0.0 0.0 0.08515959213168892 5.195529731033695e-08 0.25609877419356053 0.007252147283054455 3.0 0.0 nan
=> 0x29e8a41 <_ZN2v84base7ieee7543powEdd+1073>:	subsd  %xmm2,%xmm3 || 1.5624424376269662e-07 -0.169996352866292 3.010979702366967e-05 3.1729502610734825e-05 1.0 0.0 1e+300 0.0 0.0 0.08515959213168892 5.195529731033695e-08 0.25609877419356053 0.007252147283054455 3.0 0.0 nan
=> 0x29e8a45 <_ZN2v84base7ieee7543powEdd+1077>:	movapd %xmm11,%xmm2 || 1.5624424376269662e-07 -0.169996352866292 3.010979702366967e-05 1.6197055870651537e-06 1.0 0.0 1e+300 0.0 0.0 0.08515959213168892 5.195529731033695e-08 0.25609877419356053 0.007252147283054455 3.0 0.0 nan
=> 0x29e8a4a <_ZN2v84base7ieee7543powEdd+1082>:	mulsd  %xmm9,%xmm3 || 1.5624424376269662e-07 -0.169996352866292 0.25609877419356053 1.6197055870651537e-06 1.0 0.0 1e+300 0.0 0.0 0.08515959213168892 5.195529731033695e-08 0.25609877419356053 0.007252147283054455 3.0 0.0 nan
=> 0x29e8a4f <_ZN2v84base7ieee7543powEdd+1087>:	addsd  %xmm3,%xmm0 || 1.5624424376269662e-07 -0.169996352866292 0.25609877419356053 1.3793346716788624e-07 1.0 0.0 1e+300 0.0 0.0 0.08515959213168892 5.195529731033695e-08 0.25609877419356053 0.007252147283054455 3.0 0.0 nan
=> 0x29e8a53 <_ZN2v84base7ieee7543powEdd+1091>:	movsd  0x3b2fe3d(%rip),%xmm3        # 0x6518898 || 2.9417771093058286e-07 -0.169996352866292 0.25609877419356053 1.3793346716788624e-07 1.0 0.0 1e+300 0.0 0.0 0.08515959213168892 5.195529731033695e-08 0.25609877419356053 0.007252147283054455 3.0 0.0 nan
=> 0x29e8a5b <_ZN2v84base7ieee7543powEdd+1099>:	addsd  %xmm0,%xmm2 || 2.9417771093058286e-07 -0.169996352866292 0.25609877419356053 0.9617967009544373 1.0 0.0 1e+300 0.0 0.0 0.08515959213168892 5.195529731033695e-08 0.25609877419356053 0.007252147283054455 3.0 0.0 nan
=> 0x29e8a5f <_ZN2v84base7ieee7543powEdd+1103>:	movq   %xmm2,%rdi || 2.9417771093058286e-07 -0.169996352866292 0.25609906837127144 0.9617967009544373 1.0 0.0 1e+300 0.0 0.0 0.08515959213168892 5.195529731033695e-08 0.25609877419356053 0.007252147283054455 3.0 0.0 nan
=> 0x29e8a64 <_ZN2v84base7ieee7543powEdd+1108>:	and    %rax,%rdi || 2.9417771093058286e-07 -0.169996352866292 0.25609906837127144 0.9617967009544373 1.0 0.0 1e+300 0.0 0.0 0.08515959213168892 5.195529731033695e-08 0.25609877419356053 0.007252147283054455 3.0 0.0 nan
=> 0x29e8a67 <_ZN2v84base7ieee7543powEdd+1111>:	movq   %rdi,%xmm9 || 2.9417771093058286e-07 -0.169996352866292 0.25609906837127144 0.9617967009544373 1.0 0.0 1e+300 0.0 0.0 0.08515959213168892 5.195529731033695e-08 0.25609877419356053 0.007252147283054455 3.0 0.0 nan
=> 0x29e8a6c <_ZN2v84base7ieee7543powEdd+1116>:	movq   %rdi,%xmm2 || 2.9417771093058286e-07 -0.169996352866292 0.25609906837127144 0.9617967009544373 1.0 0.0 1e+300 0.0 0.0 0.25609898567199707 5.195529731033695e-08 0.25609877419356053 0.007252147283054455 3.0 0.0 nan
=> 0x29e8a71 <_ZN2v84base7ieee7543powEdd+1121>:	subsd  %xmm11,%xmm9 || 2.9417771093058286e-07 -0.169996352866292 0.25609898567199707 0.9617967009544373 1.0 0.0 1e+300 0.0 0.0 0.25609898567199707 5.195529731033695e-08 0.25609877419356053 0.007252147283054455 3.0 0.0 nan
=> 0x29e8a76 <_ZN2v84base7ieee7543powEdd+1126>:	mulsd  %xmm2,%xmm3 || 2.9417771093058286e-07 -0.169996352866292 0.25609898567199707 0.9617967009544373 1.0 0.0 1e+300 0.0 0.0 2.114784365403466e-07 5.195529731033695e-08 0.25609877419356053 0.007252147283054455 3.0 0.0 nan
=> 0x29e8a7a <_ZN2v84base7ieee7543powEdd+1130>:	mulsd  0x3b2fe26(%rip),%xmm2        # 0x65188a8 || 2.9417771093058286e-07 -0.169996352866292 0.25609898567199707 0.24631515953710448 1.0 0.0 1e+300 0.0 0.0 2.114784365403466e-07 5.195529731033695e-08 0.25609877419356053 0.007252147283054455 3.0 0.0 nan
=> 0x29e8a82 <_ZN2v84base7ieee7543powEdd+1138>:	subsd  %xmm9,%xmm0 || 2.9417771093058286e-07 -0.169996352866292 -1.7999818996435313e-09 0.24631515953710448 1.0 0.0 1e+300 0.0 0.0 2.114784365403466e-07 5.195529731033695e-08 0.25609877419356053 0.007252147283054455 3.0 0.0 nan
=> 0x29e8a87 <_ZN2v84base7ieee7543powEdd+1143>:	mulsd  0x3b2fe11(%rip),%xmm0        # 0x65188a0 || 8.269927439023626e-08 -0.169996352866292 -1.7999818996435313e-09 0.24631515953710448 1.0 0.0 1e+300 0.0 0.0 2.114784365403466e-07 5.195529731033695e-08 0.25609877419356053 0.007252147283054455 3.0 0.0 nan
=> 0x29e8a8f <_ZN2v84base7ieee7543powEdd+1151>:	pxor   %xmm9,%xmm9 || 7.953988869860633e-08 -0.169996352866292 -1.7999818996435313e-09 0.24631515953710448 1.0 0.0 1e+300 0.0 0.0 2.114784365403466e-07 5.195529731033695e-08 0.25609877419356053 0.007252147283054455 3.0 0.0 nan
=> 0x29e8a94 <_ZN2v84base7ieee7543powEdd+1156>:	cvtsi2sd %edx,%xmm9 || 7.953988869860633e-08 -0.169996352866292 -1.7999818996435313e-09 0.24631515953710448 1.0 0.0 1e+300 0.0 0.0 0.0 5.195529731033695e-08 0.25609877419356053 0.007252147283054455 3.0 0.0 nan
=> 0x29e8a99 <_ZN2v84base7ieee7543powEdd+1161>:	addsd  %xmm0,%xmm2 || 7.953988869860633e-08 -0.169996352866292 -1.7999818996435313e-09 0.24631515953710448 1.0 0.0 1e+300 0.0 0.0 14.0 5.195529731033695e-08 0.25609877419356053 0.007252147283054455 3.0 0.0 nan
=> 0x29e8a9d <_ZN2v84base7ieee7543powEdd+1165>:	movapd %xmm3,%xmm0 || 7.953988869860633e-08 -0.169996352866292 7.77399067989628e-08 0.24631515953710448 1.0 0.0 1e+300 0.0 0.0 14.0 5.195529731033695e-08 0.25609877419356053 0.007252147283054455 3.0 0.0 nan
=> 0x29e8aa1 <_ZN2v84base7ieee7543powEdd+1169>:	addsd  %xmm8,%xmm2 || 0.24631515953710448 -0.169996352866292 7.77399067989628e-08 0.24631515953710448 1.0 0.0 1e+300 0.0 0.0 14.0 5.195529731033695e-08 0.25609877419356053 0.007252147283054455 3.0 0.0 nan
=> 0x29e8aa6 <_ZN2v84base7ieee7543powEdd+1174>:	addsd  %xmm2,%xmm0 || 0.24631515953710448 -0.169996352866292 7.77399067989628e-08 0.24631515953710448 1.0 0.0 1e+300 0.0 0.0 14.0 5.195529731033695e-08 0.25609877419356053 0.007252147283054455 3.0 0.0 nan
=> 0x29e8aaa <_ZN2v84base7ieee7543powEdd+1178>:	addsd  %xmm7,%xmm0 || 0.24631523727701127 -0.169996352866292 7.77399067989628e-08 0.24631515953710448 1.0 0.0 1e+300 0.0 0.0 14.0 5.195529731033695e-08 0.25609877419356053 0.007252147283054455 3.0 0.0 nan
=> 0x29e8aae <_ZN2v84base7ieee7543powEdd+1182>:	addsd  %xmm9,%xmm0 || 0.24631523727701127 -0.169996352866292 7.77399067989628e-08 0.24631515953710448 1.0 0.0 1e+300 0.0 0.0 14.0 5.195529731033695e-08 0.25609877419356053 0.007252147283054455 3.0 0.0 nan
=> 0x29e8ab3 <_ZN2v84base7ieee7543powEdd+1187>:	movq   %xmm0,%rdi || 14.246315237277011 -0.169996352866292 7.77399067989628e-08 0.24631515953710448 1.0 0.0 1e+300 0.0 0.0 14.0 5.195529731033695e-08 0.25609877419356053 0.007252147283054455 3.0 0.0 nan
=> 0x29e8ab8 <_ZN2v84base7ieee7543powEdd+1192>:	and    %rax,%rdi || 14.246315237277011 -0.169996352866292 7.77399067989628e-08 0.24631515953710448 1.0 0.0 1e+300 0.0 0.0 14.0 5.195529731033695e-08 0.25609877419356053 0.007252147283054455 3.0 0.0 nan
=> 0x29e8abb <_ZN2v84base7ieee7543powEdd+1195>:	movq   %rdi,%xmm0 || 14.246315237277011 -0.169996352866292 7.77399067989628e-08 0.24631515953710448 1.0 0.0 1e+300 0.0 0.0 14.0 5.195529731033695e-08 0.25609877419356053 0.007252147283054455 3.0 0.0 nan
=> 0x29e8ac0 <_ZN2v84base7ieee7543powEdd+1200>:	movq   %rdi,%xmm8 || 14.246315002441406 -0.169996352866292 7.77399067989628e-08 0.24631515953710448 1.0 0.0 1e+300 0.0 0.0 14.0 5.195529731033695e-08 0.25609877419356053 0.007252147283054455 3.0 0.0 nan
=> 0x29e8ac5 <_ZN2v84base7ieee7543powEdd+1205>:	subsd  %xmm9,%xmm0 || 14.246315002441406 -0.169996352866292 7.77399067989628e-08 0.24631515953710448 1.0 0.0 1e+300 0.0 14.246315002441406 14.0 5.195529731033695e-08 0.25609877419356053 0.007252147283054455 3.0 0.0 nan
=> 0x29e8aca <_ZN2v84base7ieee7543powEdd+1210>:	subsd  %xmm7,%xmm0 || 0.24631500244140625 -0.169996352866292 7.77399067989628e-08 0.24631515953710448 1.0 0.0 1e+300 0.0 14.246315002441406 14.0 5.195529731033695e-08 0.25609877419356053 0.007252147283054455 3.0 0.0 nan
=> 0x29e8ace <_ZN2v84base7ieee7543powEdd+1214>:	subsd  %xmm3,%xmm0 || 0.24631500244140625 -0.169996352866292 7.77399067989628e-08 0.24631515953710448 1.0 0.0 1e+300 0.0 14.246315002441406 14.0 5.195529731033695e-08 0.25609877419356053 0.007252147283054455 3.0 0.0 nan
=> 0x29e8ad2 <_ZN2v84base7ieee7543powEdd+1218>:	subsd  %xmm0,%xmm2 || -1.5709569822774938e-07 -0.169996352866292 7.77399067989628e-08 0.24631515953710448 1.0 0.0 1e+300 0.0 14.246315002441406 14.0 5.195529731033695e-08 0.25609877419356053 0.007252147283054455 3.0 0.0 nan
=> 0x29e8ad6 <_ZN2v84base7ieee7543powEdd+1222>:	movabs $0xffffffff00000000,%rax || -1.5709569822774938e-07 -0.169996352866292 2.3483560502671219e-07 0.24631515953710448 1.0 0.0 1e+300 0.0 14.246315002441406 14.0 5.195529731033695e-08 0.25609877419356053 0.007252147283054455 3.0 0.0 nan
=> 0x29e8ae0 <_ZN2v84base7ieee7543powEdd+1232>:	movapd %xmm1,%xmm3 || -1.5709569822774938e-07 -0.169996352866292 2.3483560502671219e-07 0.24631515953710448 1.0 0.0 1e+300 0.0 14.246315002441406 14.0 5.195529731033695e-08 0.25609877419356053 0.007252147283054455 3.0 0.0 nan
=> 0x29e8ae4 <_ZN2v84base7ieee7543powEdd+1236>:	mulsd  %xmm2,%xmm1 || -1.5709569822774938e-07 -0.169996352866292 2.3483560502671219e-07 -0.169996352866292 1.0 0.0 1e+300 0.0 14.246315002441406 14.0 5.195529731033695e-08 0.25609877419356053 0.007252147283054455 3.0 0.0 nan
=> 0x29e8ae8 <_ZN2v84base7ieee7543powEdd+1240>:	and    %rax,%rsi || -1.5709569822774938e-07 -3.992119637769014e-08 2.3483560502671219e-07 -0.169996352866292 1.0 0.0 1e+300 0.0 14.246315002441406 14.0 5.195529731033695e-08 0.25609877419356053 0.007252147283054455 3.0 0.0 nan
=> 0x29e8aeb <_ZN2v84base7ieee7543powEdd+1243>:	movq   %rsi,%xmm0 || -1.5709569822774938e-07 -3.992119637769014e-08 2.3483560502671219e-07 -0.169996352866292 1.0 0.0 1e+300 0.0 14.246315002441406 14.0 5.195529731033695e-08 0.25609877419356053 0.007252147283054455 3.0 0.0 nan
=> 0x29e8af0 <_ZN2v84base7ieee7543powEdd+1248>:	subsd  %xmm0,%xmm3 || -0.1699962615966797 -3.992119637769014e-08 2.3483560502671219e-07 -0.169996352866292 1.0 0.0 1e+300 0.0 14.246315002441406 14.0 5.195529731033695e-08 0.25609877419356053 0.007252147283054455 3.0 0.0 nan
=> 0x29e8af4 <_ZN2v84base7ieee7543powEdd+1252>:	mulsd  %xmm8,%xmm0 || -0.1699962615966797 -3.992119637769014e-08 2.3483560502671219e-07 -9.12696123123169e-08 1.0 0.0 1e+300 0.0 14.246315002441406 14.0 5.195529731033695e-08 0.25609877419356053 0.007252147283054455 3.0 0.0 nan
=> 0x29e8af9 <_ZN2v84base7ieee7543powEdd+1257>:	mulsd  %xmm8,%xmm3 || -2.4218202919437317 -3.992119637769014e-08 2.3483560502671219e-07 -9.12696123123169e-08 1.0 0.0 1e+300 0.0 14.246315002441406 14.0 5.195529731033695e-08 0.25609877419356053 0.007252147283054455 3.0 0.0 nan
=> 0x29e8afe <_ZN2v84base7ieee7543powEdd+1262>:	addsd  %xmm3,%xmm1 || -2.4218202919437317 -3.992119637769014e-08 2.3483560502671219e-07 -1.300255647151971e-06 1.0 0.0 1e+300 0.0 14.246315002441406 14.0 5.195529731033695e-08 0.25609877419356053 0.007252147283054455 3.0 0.0 nan
=> 0x29e8b02 <_ZN2v84base7ieee7543powEdd+1266>:	movapd %xmm0,%xmm3 || -2.4218202919437317 -1.3401768435296612e-06 2.3483560502671219e-07 -1.300255647151971e-06 1.0 0.0 1e+300 0.0 14.246315002441406 14.0 5.195529731033695e-08 0.25609877419356053 0.007252147283054455 3.0 0.0 nan
=> 0x29e8b06 <_ZN2v84base7ieee7543powEdd+1270>:	addsd  %xmm1,%xmm3 || -2.4218202919437317 -1.3401768435296612e-06 2.3483560502671219e-07 -2.4218202919437317 1.0 0.0 1e+300 0.0 14.246315002441406 14.0 5.195529731033695e-08 0.25609877419356053 0.007252147283054455 3.0 0.0 nan
=> 0x29e8b0a <_ZN2v84base7ieee7543powEdd+1274>:	movq   %xmm3,%rdx || -2.4218202919437317 -1.3401768435296612e-06 2.3483560502671219e-07 -2.4218216321205754 1.0 0.0 1e+300 0.0 14.246315002441406 14.0 5.195529731033695e-08 0.25609877419356053 0.007252147283054455 3.0 0.0 nan
=> 0x29e8b0f <_ZN2v84base7ieee7543powEdd+1279>:	movq   %xmm3,%rax || -2.4218202919437317 -1.3401768435296612e-06 2.3483560502671219e-07 -2.4218216321205754 1.0 0.0 1e+300 0.0 14.246315002441406 14.0 5.195529731033695e-08 0.25609877419356053 0.007252147283054455 3.0 0.0 nan
=> 0x29e8b14 <_ZN2v84base7ieee7543powEdd+1284>:	shr    $0x20,%rdx || -2.4218202919437317 -1.3401768435296612e-06 2.3483560502671219e-07 -2.4218216321205754 1.0 0.0 1e+300 0.0 14.246315002441406 14.0 5.195529731033695e-08 0.25609877419356053 0.007252147283054455 3.0 0.0 nan
=> 0x29e8b18 <_ZN2v84base7ieee7543powEdd+1288>:	cmp    $0x408fffff,%edx || -2.4218202919437317 -1.3401768435296612e-06 2.3483560502671219e-07 -2.4218216321205754 1.0 0.0 1e+300 0.0 14.246315002441406 14.0 5.195529731033695e-08 0.25609877419356053 0.007252147283054455 3.0 0.0 nan
=> 0x29e8b1e <_ZN2v84base7ieee7543powEdd+1294>:	jle    0x29e8da5 <_ZN2v84base7ieee7543powEdd+1941> || -2.4218202919437317 -1.3401768435296612e-06 2.3483560502671219e-07 -2.4218216321205754 1.0 0.0 1e+300 0.0 14.246315002441406 14.0 5.195529731033695e-08 0.25609877419356053 0.007252147283054455 3.0 0.0 nan
=> 0x29e8da5 <_ZN2v84base7ieee7543powEdd+1941>:	mov    %edx,%ecx || -2.4218202919437317 -1.3401768435296612e-06 2.3483560502671219e-07 -2.4218216321205754 1.0 0.0 1e+300 0.0 14.246315002441406 14.0 5.195529731033695e-08 0.25609877419356053 0.007252147283054455 3.0 0.0 nan
=> 0x29e8da7 <_ZN2v84base7ieee7543powEdd+1943>:	and    $0x7fffffff,%ecx || -2.4218202919437317 -1.3401768435296612e-06 2.3483560502671219e-07 -2.4218216321205754 1.0 0.0 1e+300 0.0 14.246315002441406 14.0 5.195529731033695e-08 0.25609877419356053 0.007252147283054455 3.0 0.0 nan
=> 0x29e8dad <_ZN2v84base7ieee7543powEdd+1949>:	cmp    $0x4090cbff,%ecx || -2.4218202919437317 -1.3401768435296612e-06 2.3483560502671219e-07 -2.4218216321205754 1.0 0.0 1e+300 0.0 14.246315002441406 14.0 5.195529731033695e-08 0.25609877419356053 0.007252147283054455 3.0 0.0 nan
=> 0x29e8db3 <_ZN2v84base7ieee7543powEdd+1955>:	jle    0x29e8f81 <_ZN2v84base7ieee7543powEdd+2417> || -2.4218202919437317 -1.3401768435296612e-06 2.3483560502671219e-07 -2.4218216321205754 1.0 0.0 1e+300 0.0 14.246315002441406 14.0 5.195529731033695e-08 0.25609877419356053 0.007252147283054455 3.0 0.0 nan
=> 0x29e8f81 <_ZN2v84base7ieee7543powEdd+2417>:	cmp    $0x3fe00000,%ecx || -2.4218202919437317 -1.3401768435296612e-06 2.3483560502671219e-07 -2.4218216321205754 1.0 0.0 1e+300 0.0 14.246315002441406 14.0 5.195529731033695e-08 0.25609877419356053 0.007252147283054455 3.0 0.0 nan
=> 0x29e8f87 <_ZN2v84base7ieee7543powEdd+2423>:	jg     0x29e9092 <_ZN2v84base7ieee7543powEdd+2690> || -2.4218202919437317 -1.3401768435296612e-06 2.3483560502671219e-07 -2.4218216321205754 1.0 0.0 1e+300 0.0 14.246315002441406 14.0 5.195529731033695e-08 0.25609877419356053 0.007252147283054455 3.0 0.0 nan
=> 0x29e9092 <_ZN2v84base7ieee7543powEdd+2690>:	sar    $0x14,%ecx || -2.4218202919437317 -1.3401768435296612e-06 2.3483560502671219e-07 -2.4218216321205754 1.0 0.0 1e+300 0.0 14.246315002441406 14.0 5.195529731033695e-08 0.25609877419356053 0.007252147283054455 3.0 0.0 nan
=> 0x29e9095 <_ZN2v84base7ieee7543powEdd+2693>:	jmp    0x29e8b57 <_ZN2v84base7ieee7543powEdd+1351> || -2.4218202919437317 -1.3401768435296612e-06 2.3483560502671219e-07 -2.4218216321205754 1.0 0.0 1e+300 0.0 14.246315002441406 14.0 5.195529731033695e-08 0.25609877419356053 0.007252147283054455 3.0 0.0 nan
=> 0x29e8b57 <_ZN2v84base7ieee7543powEdd+1351>:	sub    $0x3fe,%ecx || -2.4218202919437317 -1.3401768435296612e-06 2.3483560502671219e-07 -2.4218216321205754 1.0 0.0 1e+300 0.0 14.246315002441406 14.0 5.195529731033695e-08 0.25609877419356053 0.007252147283054455 3.0 0.0 nan
=> 0x29e8b5d <_ZN2v84base7ieee7543powEdd+1357>:	mov    $0x100000,%eax || -2.4218202919437317 -1.3401768435296612e-06 2.3483560502671219e-07 -2.4218216321205754 1.0 0.0 1e+300 0.0 14.246315002441406 14.0 5.195529731033695e-08 0.25609877419356053 0.007252147283054455 3.0 0.0 nan
=> 0x29e8b62 <_ZN2v84base7ieee7543powEdd+1362>:	mov    $0xfffff,%esi || -2.4218202919437317 -1.3401768435296612e-06 2.3483560502671219e-07 -2.4218216321205754 1.0 0.0 1e+300 0.0 14.246315002441406 14.0 5.195529731033695e-08 0.25609877419356053 0.007252147283054455 3.0 0.0 nan
=> 0x29e8b67 <_ZN2v84base7ieee7543powEdd+1367>:	sar    %cl,%eax || -2.4218202919437317 -1.3401768435296612e-06 2.3483560502671219e-07 -2.4218216321205754 1.0 0.0 1e+300 0.0 14.246315002441406 14.0 5.195529731033695e-08 0.25609877419356053 0.007252147283054455 3.0 0.0 nan
=> 0x29e8b69 <_ZN2v84base7ieee7543powEdd+1369>:	add    %edx,%eax || -2.4218202919437317 -1.3401768435296612e-06 2.3483560502671219e-07 -2.4218216321205754 1.0 0.0 1e+300 0.0 14.246315002441406 14.0 5.195529731033695e-08 0.25609877419356053 0.007252147283054455 3.0 0.0 nan
=> 0x29e8b6b <_ZN2v84base7ieee7543powEdd+1371>:	mov    %eax,%r8d || -2.4218202919437317 -1.3401768435296612e-06 2.3483560502671219e-07 -2.4218216321205754 1.0 0.0 1e+300 0.0 14.246315002441406 14.0 5.195529731033695e-08 0.25609877419356053 0.007252147283054455 3.0 0.0 nan
=> 0x29e8b6e <_ZN2v84base7ieee7543powEdd+1374>:	sar    $0x14,%r8d || -2.4218202919437317 -1.3401768435296612e-06 2.3483560502671219e-07 -2.4218216321205754 1.0 0.0 1e+300 0.0 14.246315002441406 14.0 5.195529731033695e-08 0.25609877419356053 0.007252147283054455 3.0 0.0 nan
=> 0x29e8b72 <_ZN2v84base7ieee7543powEdd+1378>:	and    $0x7ff,%r8d || -2.4218202919437317 -1.3401768435296612e-06 2.3483560502671219e-07 -2.4218216321205754 1.0 0.0 1e+300 0.0 14.246315002441406 14.0 5.195529731033695e-08 0.25609877419356053 0.007252147283054455 3.0 0.0 nan
=> 0x29e8b79 <_ZN2v84base7ieee7543powEdd+1385>:	sub    $0x3ff,%r8d || -2.4218202919437317 -1.3401768435296612e-06 2.3483560502671219e-07 -2.4218216321205754 1.0 0.0 1e+300 0.0 14.246315002441406 14.0 5.195529731033695e-08 0.25609877419356053 0.007252147283054455 3.0 0.0 nan
=> 0x29e8b80 <_ZN2v84base7ieee7543powEdd+1392>:	mov    %r8d,%ecx || -2.4218202919437317 -1.3401768435296612e-06 2.3483560502671219e-07 -2.4218216321205754 1.0 0.0 1e+300 0.0 14.246315002441406 14.0 5.195529731033695e-08 0.25609877419356053 0.007252147283054455 3.0 0.0 nan
=> 0x29e8b83 <_ZN2v84base7ieee7543powEdd+1395>:	sar    %cl,%esi || -2.4218202919437317 -1.3401768435296612e-06 2.3483560502671219e-07 -2.4218216321205754 1.0 0.0 1e+300 0.0 14.246315002441406 14.0 5.195529731033695e-08 0.25609877419356053 0.007252147283054455 3.0 0.0 nan
=> 0x29e8b85 <_ZN2v84base7ieee7543powEdd+1397>:	mov    $0x14,%ecx || -2.4218202919437317 -1.3401768435296612e-06 2.3483560502671219e-07 -2.4218216321205754 1.0 0.0 1e+300 0.0 14.246315002441406 14.0 5.195529731033695e-08 0.25609877419356053 0.007252147283054455 3.0 0.0 nan
=> 0x29e8b8a <_ZN2v84base7ieee7543powEdd+1402>:	not    %esi || -2.4218202919437317 -1.3401768435296612e-06 2.3483560502671219e-07 -2.4218216321205754 1.0 0.0 1e+300 0.0 14.246315002441406 14.0 5.195529731033695e-08 0.25609877419356053 0.007252147283054455 3.0 0.0 nan
=> 0x29e8b8c <_ZN2v84base7ieee7543powEdd+1404>:	sub    %r8d,%ecx || -2.4218202919437317 -1.3401768435296612e-06 2.3483560502671219e-07 -2.4218216321205754 1.0 0.0 1e+300 0.0 14.246315002441406 14.0 5.195529731033695e-08 0.25609877419356053 0.007252147283054455 3.0 0.0 nan
=> 0x29e8b8f <_ZN2v84base7ieee7543powEdd+1407>:	and    %eax,%esi || -2.4218202919437317 -1.3401768435296612e-06 2.3483560502671219e-07 -2.4218216321205754 1.0 0.0 1e+300 0.0 14.246315002441406 14.0 5.195529731033695e-08 0.25609877419356053 0.007252147283054455 3.0 0.0 nan
=> 0x29e8b91 <_ZN2v84base7ieee7543powEdd+1409>:	and    $0xfffff,%eax || -2.4218202919437317 -1.3401768435296612e-06 2.3483560502671219e-07 -2.4218216321205754 1.0 0.0 1e+300 0.0 14.246315002441406 14.0 5.195529731033695e-08 0.25609877419356053 0.007252147283054455 3.0 0.0 nan
=> 0x29e8b96 <_ZN2v84base7ieee7543powEdd+1414>:	shl    $0x20,%rsi || -2.4218202919437317 -1.3401768435296612e-06 2.3483560502671219e-07 -2.4218216321205754 1.0 0.0 1e+300 0.0 14.246315002441406 14.0 5.195529731033695e-08 0.25609877419356053 0.007252147283054455 3.0 0.0 nan
=> 0x29e8b9a <_ZN2v84base7ieee7543powEdd+1418>:	mov    %eax,%edi || -2.4218202919437317 -1.3401768435296612e-06 2.3483560502671219e-07 -2.4218216321205754 1.0 0.0 1e+300 0.0 14.246315002441406 14.0 5.195529731033695e-08 0.25609877419356053 0.007252147283054455 3.0 0.0 nan
=> 0x29e8b9c <_ZN2v84base7ieee7543powEdd+1420>:	movq   %rsi,%xmm6 || -2.4218202919437317 -1.3401768435296612e-06 2.3483560502671219e-07 -2.4218216321205754 1.0 0.0 1e+300 0.0 14.246315002441406 14.0 5.195529731033695e-08 0.25609877419356053 0.007252147283054455 3.0 0.0 nan
=> 0x29e8ba1 <_ZN2v84base7ieee7543powEdd+1425>:	or     $0x100000,%edi || -2.4218202919437317 -1.3401768435296612e-06 2.3483560502671219e-07 -2.4218216321205754 1.0 0.0 -2.0 0.0 14.246315002441406 14.0 5.195529731033695e-08 0.25609877419356053 0.007252147283054455 3.0 0.0 nan
=> 0x29e8ba7 <_ZN2v84base7ieee7543powEdd+1431>:	subsd  %xmm6,%xmm0 || -2.4218202919437317 -1.3401768435296612e-06 2.3483560502671219e-07 -2.4218216321205754 1.0 0.0 -2.0 0.0 14.246315002441406 14.0 5.195529731033695e-08 0.25609877419356053 0.007252147283054455 3.0 0.0 nan
=> 0x29e8bab <_ZN2v84base7ieee7543powEdd+1435>:	sar    %cl,%edi || -0.4218202919437317 -1.3401768435296612e-06 2.3483560502671219e-07 -2.4218216321205754 1.0 0.0 -2.0 0.0 14.246315002441406 14.0 5.195529731033695e-08 0.25609877419356053 0.007252147283054455 3.0 0.0 nan
=> 0x29e8bad <_ZN2v84base7ieee7543powEdd+1437>:	mov    %edi,%eax || -0.4218202919437317 -1.3401768435296612e-06 2.3483560502671219e-07 -2.4218216321205754 1.0 0.0 -2.0 0.0 14.246315002441406 14.0 5.195529731033695e-08 0.25609877419356053 0.007252147283054455 3.0 0.0 nan
=> 0x29e8baf <_ZN2v84base7ieee7543powEdd+1439>:	neg    %eax || -0.4218202919437317 -1.3401768435296612e-06 2.3483560502671219e-07 -2.4218216321205754 1.0 0.0 -2.0 0.0 14.246315002441406 14.0 5.195529731033695e-08 0.25609877419356053 0.007252147283054455 3.0 0.0 nan
=> 0x29e8bb1 <_ZN2v84base7ieee7543powEdd+1441>:	test   %edx,%edx || -0.4218202919437317 -1.3401768435296612e-06 2.3483560502671219e-07 -2.4218216321205754 1.0 0.0 -2.0 0.0 14.246315002441406 14.0 5.195529731033695e-08 0.25609877419356053 0.007252147283054455 3.0 0.0 nan
=> 0x29e8bb3 <_ZN2v84base7ieee7543powEdd+1443>:	movapd %xmm0,%xmm6 || -0.4218202919437317 -1.3401768435296612e-06 2.3483560502671219e-07 -2.4218216321205754 1.0 0.0 -2.0 0.0 14.246315002441406 14.0 5.195529731033695e-08 0.25609877419356053 0.007252147283054455 3.0 0.0 nan
=> 0x29e8bb7 <_ZN2v84base7ieee7543powEdd+1447>:	cmovs  %eax,%edi || -0.4218202919437317 -1.3401768435296612e-06 2.3483560502671219e-07 -2.4218216321205754 1.0 0.0 -0.4218202919437317 0.0 14.246315002441406 14.0 5.195529731033695e-08 0.25609877419356053 0.007252147283054455 3.0 0.0 nan
=> 0x29e8bba <_ZN2v84base7ieee7543powEdd+1450>:	addsd  %xmm1,%xmm6 || -0.4218202919437317 -1.3401768435296612e-06 2.3483560502671219e-07 -2.4218216321205754 1.0 0.0 -0.4218202919437317 0.0 14.246315002441406 14.0 5.195529731033695e-08 0.25609877419356053 0.007252147283054455 3.0 0.0 nan
=> 0x29e8bbe <_ZN2v84base7ieee7543powEdd+1454>:	mov    %edi,%edx || -0.4218202919437317 -1.3401768435296612e-06 2.3483560502671219e-07 -2.4218216321205754 1.0 0.0 -0.4218216321205753 0.0 14.246315002441406 14.0 5.195529731033695e-08 0.25609877419356053 0.007252147283054455 3.0 0.0 nan
=> 0x29e8bc0 <_ZN2v84base7ieee7543powEdd+1456>:	shl    $0x14,%edx || -0.4218202919437317 -1.3401768435296612e-06 2.3483560502671219e-07 -2.4218216321205754 1.0 0.0 -0.4218216321205753 0.0 14.246315002441406 14.0 5.195529731033695e-08 0.25609877419356053 0.007252147283054455 3.0 0.0 nan
=> 0x29e8bc3 <_ZN2v84base7ieee7543powEdd+1459>:	movq   %xmm6,%rax || -0.4218202919437317 -1.3401768435296612e-06 2.3483560502671219e-07 -2.4218216321205754 1.0 0.0 -0.4218216321205753 0.0 14.246315002441406 14.0 5.195529731033695e-08 0.25609877419356053 0.007252147283054455 3.0 0.0 nan
=> 0x29e8bc8 <_ZN2v84base7ieee7543powEdd+1464>:	movabs $0xffffffff00000000,%rcx || -0.4218202919437317 -1.3401768435296612e-06 2.3483560502671219e-07 -2.4218216321205754 1.0 0.0 -0.4218216321205753 0.0 14.246315002441406 14.0 5.195529731033695e-08 0.25609877419356053 0.007252147283054455 3.0 0.0 nan
=> 0x29e8bd2 <_ZN2v84base7ieee7543powEdd+1474>:	movsd  0x3b2fcde(%rip),%xmm2        # 0x65188b8 || -0.4218202919437317 -1.3401768435296612e-06 2.3483560502671219e-07 -2.4218216321205754 1.0 0.0 -0.4218216321205753 0.0 14.246315002441406 14.0 5.195529731033695e-08 0.25609877419356053 0.007252147283054455 3.0 0.0 nan
=> 0x29e8bda <_ZN2v84base7ieee7543powEdd+1482>:	pxor   %xmm9,%xmm9 || -0.4218202919437317 -1.3401768435296612e-06 0.6931471824645996 -2.4218216321205754 1.0 0.0 -0.4218216321205753 0.0 14.246315002441406 14.0 5.195529731033695e-08 0.25609877419356053 0.007252147283054455 3.0 0.0 nan
=> 0x29e8bdf <_ZN2v84base7ieee7543powEdd+1487>:	and    %rcx,%rax || -0.4218202919437317 -1.3401768435296612e-06 0.6931471824645996 -2.4218216321205754 1.0 0.0 -0.4218216321205753 0.0 14.246315002441406 0.0 5.195529731033695e-08 0.25609877419356053 0.007252147283054455 3.0 0.0 nan
=> 0x29e8be2 <_ZN2v84base7ieee7543powEdd+1490>:	movq   %rax,%xmm3 || -0.4218202919437317 -1.3401768435296612e-06 0.6931471824645996 -2.4218216321205754 1.0 0.0 -0.4218216321205753 0.0 14.246315002441406 0.0 5.195529731033695e-08 0.25609877419356053 0.007252147283054455 3.0 0.0 nan
=> 0x29e8be7 <_ZN2v84base7ieee7543powEdd+1495>:	movq   %rax,%xmm5 || -0.4218202919437317 -1.3401768435296612e-06 0.6931471824645996 -0.42182159423828125 1.0 0.0 -0.4218216321205753 0.0 14.246315002441406 0.0 5.195529731033695e-08 0.25609877419356053 0.007252147283054455 3.0 0.0 nan
=> 0x29e8bec <_ZN2v84base7ieee7543powEdd+1500>:	subsd  %xmm0,%xmm3 || -0.4218202919437317 -1.3401768435296612e-06 0.6931471824645996 -0.42182159423828125 1.0 -0.42182159423828125 -0.4218216321205753 0.0 14.246315002441406 0.0 5.195529731033695e-08 0.25609877419356053 0.007252147283054455 3.0 0.0 nan
=> 0x29e8bf0 <_ZN2v84base7ieee7543powEdd+1504>:	mulsd  %xmm5,%xmm2 || -0.4218202919437317 -1.3401768435296612e-06 0.6931471824645996 -1.3022945495322347e-06 1.0 -0.42182159423828125 -0.4218216321205753 0.0 14.246315002441406 0.0 5.195529731033695e-08 0.25609877419356053 0.007252147283054455 3.0 0.0 nan
=> 0x29e8bf4 <_ZN2v84base7ieee7543powEdd+1508>:	mulsd  0x3b2fcc4(%rip),%xmm5        # 0x65188c0 || -0.4218202919437317 -1.3401768435296612e-06 -0.29238444954899023 -1.3022945495322347e-06 1.0 -0.42182159423828125 -0.4218216321205753 0.0 14.246315002441406 0.0 5.195529731033695e-08 0.25609877419356053 0.007252147283054455 3.0 0.0 nan
=> 0x29e8bfc <_ZN2v84base7ieee7543powEdd+1516>:	subsd  %xmm3,%xmm1 || -0.4218202919437317 -1.3401768435296612e-06 -0.29238444954899023 -1.3022945495322347e-06 1.0 8.034243132809832e-10 -0.4218216321205753 0.0 14.246315002441406 0.0 5.195529731033695e-08 0.25609877419356053 0.007252147283054455 3.0 0.0 nan
=> 0x29e8c00 <_ZN2v84base7ieee7543powEdd+1520>:	mulsd  0x1484ab0(%rip),%xmm1        # 0x3e6d6b8 || -0.4218202919437317 -3.788229399742653e-08 -0.29238444954899023 -1.3022945495322347e-06 1.0 8.034243132809832e-10 -0.4218216321205753 0.0 14.246315002441406 0.0 5.195529731033695e-08 0.25609877419356053 0.007252147283054455 3.0 0.0 nan
=> 0x29e8c08 <_ZN2v84base7ieee7543powEdd+1528>:	movapd %xmm2,%xmm3 || -0.4218202919437317 -2.625800527745914e-08 -0.29238444954899023 -1.3022945495322347e-06 1.0 8.034243132809832e-10 -0.4218216321205753 0.0 14.246315002441406 0.0 5.195529731033695e-08 0.25609877419356053 0.007252147283054455 3.0 0.0 nan
=> 0x29e8c0c <_ZN2v84base7ieee7543powEdd+1532>:	movapd %xmm5,%xmm0 || -0.4218202919437317 -2.625800527745914e-08 -0.29238444954899023 -0.29238444954899023 1.0 8.034243132809832e-10 -0.4218216321205753 0.0 14.246315002441406 0.0 5.195529731033695e-08 0.25609877419356053 0.007252147283054455 3.0 0.0 nan
=> 0x29e8c10 <_ZN2v84base7ieee7543powEdd+1536>:	addsd  %xmm1,%xmm0 || 8.034243132809832e-10 -2.625800527745914e-08 -0.29238444954899023 -0.29238444954899023 1.0 8.034243132809832e-10 -0.4218216321205753 0.0 14.246315002441406 0.0 5.195529731033695e-08 0.25609877419356053 0.007252147283054455 3.0 0.0 nan
=> 0x29e8c14 <_ZN2v84base7ieee7543powEdd+1540>:	addsd  %xmm0,%xmm3 || -2.5454580964178157e-08 -2.625800527745914e-08 -0.29238444954899023 -0.29238444954899023 1.0 8.034243132809832e-10 -0.4218216321205753 0.0 14.246315002441406 0.0 5.195529731033695e-08 0.25609877419356053 0.007252147283054455 3.0 0.0 nan
=> 0x29e8c18 <_ZN2v84base7ieee7543powEdd+1544>:	movapd %xmm3,%xmm1 || -2.5454580964178157e-08 -2.625800527745914e-08 -0.29238444954899023 -0.2923844750035712 1.0 8.034243132809832e-10 -0.4218216321205753 0.0 14.246315002441406 0.0 5.195529731033695e-08 0.25609877419356053 0.007252147283054455 3.0 0.0 nan
=> 0x29e8c1c <_ZN2v84base7ieee7543powEdd+1548>:	movapd %xmm3,%xmm5 || -2.5454580964178157e-08 -0.2923844750035712 -0.29238444954899023 -0.2923844750035712 1.0 8.034243132809832e-10 -0.4218216321205753 0.0 14.246315002441406 0.0 5.195529731033695e-08 0.25609877419356053 0.007252147283054455 3.0 0.0 nan
=> 0x29e8c20 <_ZN2v84base7ieee7543powEdd+1552>:	subsd  %xmm2,%xmm1 || -2.5454580964178157e-08 -0.2923844750035712 -0.29238444954899023 -0.2923844750035712 1.0 -0.2923844750035712 -0.4218216321205753 0.0 14.246315002441406 0.0 5.195529731033695e-08 0.25609877419356053 0.007252147283054455 3.0 0.0 nan
=> 0x29e8c24 <_ZN2v84base7ieee7543powEdd+1556>:	movapd %xmm3,%xmm2 || -2.5454580964178157e-08 -2.5454580943051752e-08 -0.29238444954899023 -0.2923844750035712 1.0 -0.2923844750035712 -0.4218216321205753 0.0 14.246315002441406 0.0 5.195529731033695e-08 0.25609877419356053 0.007252147283054455 3.0 0.0 nan
=> 0x29e8c28 <_ZN2v84base7ieee7543powEdd+1560>:	mulsd  %xmm3,%xmm2 || -2.5454580964178157e-08 -2.5454580943051752e-08 -0.2923844750035712 -0.2923844750035712 1.0 -0.2923844750035712 -0.4218216321205753 0.0 14.246315002441406 0.0 5.195529731033695e-08 0.25609877419356053 0.007252147283054455 3.0 0.0 nan
=> 0x29e8c2c <_ZN2v84base7ieee7543powEdd+1564>:	subsd  %xmm1,%xmm0 || -2.5454580964178157e-08 -2.5454580943051752e-08 0.08548868122311394 -0.2923844750035712 1.0 -0.2923844750035712 -0.4218216321205753 0.0 14.246315002441406 0.0 5.195529731033695e-08 0.25609877419356053 0.007252147283054455 3.0 0.0 nan
=> 0x29e8c30 <_ZN2v84base7ieee7543powEdd+1568>:	movsd  0x3b2fa98(%rip),%xmm1        # 0x65186d0 || -2.112640460284114e-17 -2.5454580943051752e-08 0.08548868122311394 -0.2923844750035712 1.0 -0.2923844750035712 -0.4218216321205753 0.0 14.246315002441406 0.0 5.195529731033695e-08 0.25609877419356053 0.007252147283054455 3.0 0.0 nan
=> 0x29e8c38 <_ZN2v84base7ieee7543powEdd+1576>:	mulsd  %xmm2,%xmm1 || -2.112640460284114e-17 4.1381367970572385e-08 0.08548868122311394 -0.2923844750035712 1.0 -0.2923844750035712 -0.4218216321205753 0.0 14.246315002441406 0.0 5.195529731033695e-08 0.25609877419356053 0.007252147283054455 3.0 0.0 nan
=> 0x29e8c3c <_ZN2v84base7ieee7543powEdd+1580>:	subsd  0x3b2fa94(%rip),%xmm1        # 0x65186d8 || -2.112640460284114e-17 3.53763857501264e-09 0.08548868122311394 -0.2923844750035712 1.0 -0.2923844750035712 -0.4218216321205753 0.0 14.246315002441406 0.0 5.195529731033695e-08 0.25609877419356053 0.007252147283054455 3.0 0.0 nan
=> 0x29e8c44 <_ZN2v84base7ieee7543powEdd+1588>:	mulsd  %xmm0,%xmm5 || -2.112640460284114e-17 -1.6498525819715126e-06 0.08548868122311394 -0.2923844750035712 1.0 -0.2923844750035712 -0.4218216321205753 0.0 14.246315002441406 0.0 5.195529731033695e-08 0.25609877419356053 0.007252147283054455 3.0 0.0 nan
=> 0x29e8c48 <_ZN2v84base7ieee7543powEdd+1592>:	mulsd  %xmm2,%xmm1 || -2.112640460284114e-17 -1.6498525819715126e-06 0.08548868122311394 -0.2923844750035712 1.0 6.1770327185147364e-18 -0.4218216321205753 0.0 14.246315002441406 0.0 5.195529731033695e-08 0.25609877419356053 0.007252147283054455 3.0 0.0 nan
=> 0x29e8c4c <_ZN2v84base7ieee7543powEdd+1596>:	addsd  0x3b2fa8c(%rip),%xmm1        # 0x65186e0 || -2.112640460284114e-17 -1.410437214452941e-07 0.08548868122311394 -0.2923844750035712 1.0 6.1770327185147364e-18 -0.4218216321205753 0.0 14.246315002441406 0.0 5.195529731033695e-08 0.25609877419356053 0.007252147283054455 3.0 0.0 nan
=> 0x29e8c54 <_ZN2v84base7ieee7543powEdd+1604>:	addsd  %xmm5,%xmm0 || -2.112640460284114e-17 6.599651949293405e-05 0.08548868122311394 -0.2923844750035712 1.0 6.1770327185147364e-18 -0.4218216321205753 0.0 14.246315002441406 0.0 5.195529731033695e-08 0.25609877419356053 0.007252147283054455 3.0 0.0 nan
=> 0x29e8c58 <_ZN2v84base7ieee7543powEdd+1608>:	mulsd  %xmm2,%xmm1 || -1.4949371884326404e-17 6.599651949293405e-05 0.08548868122311394 -0.2923844750035712 1.0 6.1770327185147364e-18 -0.4218216321205753 0.0 14.246315002441406 0.0 5.195529731033695e-08 0.25609877419356053 0.007252147283054455 3.0 0.0 nan
=> 0x29e8c5c <_ZN2v84base7ieee7543powEdd+1612>:	subsd  0x3b2fa84(%rip),%xmm1        # 0x65186e8 || -1.4949371884326404e-17 5.641955416766464e-06 0.08548868122311394 -0.2923844750035712 1.0 6.1770327185147364e-18 -0.4218216321205753 0.0 14.246315002441406 0.0 5.195529731033695e-08 0.25609877419356053 0.007252147283054455 3.0 0.0 nan
=> 0x29e8c64 <_ZN2v84base7ieee7543powEdd+1620>:	mulsd  %xmm2,%xmm1 || -1.4949371884326404e-17 -0.002772135822284793 0.08548868122311394 -0.2923844750035712 1.0 6.1770327185147364e-18 -0.4218216321205753 0.0 14.246315002441406 0.0 5.195529731033695e-08 0.25609877419356053 0.007252147283054455 3.0 0.0 nan
=> 0x29e8c68 <_ZN2v84base7ieee7543powEdd+1624>:	addsd  0x3b2fa80(%rip),%xmm1        # 0x65186f0 || -1.4949371884326404e-17 -0.00023698623561847952 0.08548868122311394 -0.2923844750035712 1.0 6.1770327185147364e-18 -0.4218216321205753 0.0 14.246315002441406 0.0 5.195529731033695e-08 0.25609877419356053 0.007252147283054455 3.0 0.0 nan
=> 0x29e8c70 <_ZN2v84base7ieee7543powEdd+1632>:	mulsd  %xmm2,%xmm1 || -1.4949371884326404e-17 0.16642968043104753 0.08548868122311394 -0.2923844750035712 1.0 6.1770327185147364e-18 -0.4218216321205753 0.0 14.246315002441406 0.0 5.195529731033695e-08 0.25609877419356053 0.007252147283054455 3.0 0.0 nan
=> 0x29e8c74 <_ZN2v84base7ieee7543powEdd+1636>:	movapd %xmm3,%xmm2 || -1.4949371884326404e-17 0.014227853896434547 0.08548868122311394 -0.2923844750035712 1.0 6.1770327185147364e-18 -0.4218216321205753 0.0 14.246315002441406 0.0 5.195529731033695e-08 0.25609877419356053 0.007252147283054455 3.0 0.0 nan
=> 0x29e8c78 <_ZN2v84base7ieee7543powEdd+1640>:	subsd  %xmm1,%xmm2 || -1.4949371884326404e-17 0.014227853896434547 -0.2923844750035712 -0.2923844750035712 1.0 6.1770327185147364e-18 -0.4218216321205753 0.0 14.246315002441406 0.0 5.195529731033695e-08 0.25609877419356053 0.007252147283054455 3.0 0.0 nan
=> 0x29e8c7c <_ZN2v84base7ieee7543powEdd+1644>:	movapd %xmm2,%xmm1 || -1.4949371884326404e-17 0.014227853896434547 -0.3066123289000057 -0.2923844750035712 1.0 6.1770327185147364e-18 -0.4218216321205753 0.0 14.246315002441406 0.0 5.195529731033695e-08 0.25609877419356053 0.007252147283054455 3.0 0.0 nan
=> 0x29e8c80 <_ZN2v84base7ieee7543powEdd+1648>:	subsd  0xa4bee8(%rip),%xmm1        # 0x3434b70 || -1.4949371884326404e-17 -0.3066123289000057 -0.3066123289000057 -0.2923844750035712 1.0 6.1770327185147364e-18 -0.4218216321205753 0.0 14.246315002441406 0.0 5.195529731033695e-08 0.25609877419356053 0.007252147283054455 3.0 0.0 nan
=> 0x29e8c88 <_ZN2v84base7ieee7543powEdd+1656>:	mulsd  %xmm3,%xmm2 || -1.4949371884326404e-17 -2.306612328900006 -0.3066123289000057 -0.2923844750035712 1.0 6.1770327185147364e-18 -0.4218216321205753 0.0 14.246315002441406 0.0 5.195529731033695e-08 0.25609877419356053 0.007252147283054455 3.0 0.0 nan
=> 0x29e8c8c <_ZN2v84base7ieee7543powEdd+1660>:	subsd  %xmm0,%xmm1 || -1.4949371884326404e-17 -2.306612328900006 0.08964868481505046 -0.2923844750035712 1.0 6.1770327185147364e-18 -0.4218216321205753 0.0 14.246315002441406 0.0 5.195529731033695e-08 0.25609877419356053 0.007252147283054455 3.0 0.0 nan
=> 0x29e8c90 <_ZN2v84base7ieee7543powEdd+1664>:	ucomisd %xmm9,%xmm1 || -1.4949371884326404e-17 -2.306612328900006 0.08964868481505046 -0.2923844750035712 1.0 6.1770327185147364e-18 -0.4218216321205753 0.0 14.246315002441406 0.0 5.195529731033695e-08 0.25609877419356053 0.007252147283054455 3.0 0.0 nan
=> 0x29e8c95 <_ZN2v84base7ieee7543powEdd+1669>:	movapd %xmm2,%xmm0 || -1.4949371884326404e-17 -2.306612328900006 0.08964868481505046 -0.2923844750035712 1.0 6.1770327185147364e-18 -0.4218216321205753 0.0 14.246315002441406 0.0 5.195529731033695e-08 0.25609877419356053 0.007252147283054455 3.0 0.0 nan
=> 0x29e8c99 <_ZN2v84base7ieee7543powEdd+1673>:	jp     0x29e8fe3 <_ZN2v84base7ieee7543powEdd+2515> || 0.08964868481505046 -2.306612328900006 0.08964868481505046 -0.2923844750035712 1.0 6.1770327185147364e-18 -0.4218216321205753 0.0 14.246315002441406 0.0 5.195529731033695e-08 0.25609877419356053 0.007252147283054455 3.0 0.0 nan
=> 0x29e8c9f <_ZN2v84base7ieee7543powEdd+1679>:	comisd %xmm9,%xmm1 || 0.08964868481505046 -2.306612328900006 0.08964868481505046 -0.2923844750035712 1.0 6.1770327185147364e-18 -0.4218216321205753 0.0 14.246315002441406 0.0 5.195529731033695e-08 0.25609877419356053 0.007252147283054455 3.0 0.0 nan
=> 0x29e8ca4 <_ZN2v84base7ieee7543powEdd+1684>:	jne    0x29e8fe3 <_ZN2v84base7ieee7543powEdd+2515> || 0.08964868481505046 -2.306612328900006 0.08964868481505046 -0.2923844750035712 1.0 6.1770327185147364e-18 -0.4218216321205753 0.0 14.246315002441406 0.0 5.195529731033695e-08 0.25609877419356053 0.007252147283054455 3.0 0.0 nan
=> 0x29e8fe3 <_ZN2v84base7ieee7543powEdd+2515>:	divsd  %xmm1,%xmm0 || 0.08964868481505046 -2.306612328900006 0.08964868481505046 -0.2923844750035712 1.0 6.1770327185147364e-18 -0.4218216321205753 0.0 14.246315002441406 0.0 5.195529731033695e-08 0.25609877419356053 0.007252147283054455 3.0 0.0 nan
=> 0x29e8fe7 <_ZN2v84base7ieee7543powEdd+2519>:	jmp    0x29e8cf1 <_ZN2v84base7ieee7543powEdd+1761> || -0.038865952328366676 -2.306612328900006 0.08964868481505046 -0.2923844750035712 1.0 6.1770327185147364e-18 -0.4218216321205753 0.0 14.246315002441406 0.0 5.195529731033695e-08 0.25609877419356053 0.007252147283054455 3.0 0.0 nan
=> 0x29e8cf1 <_ZN2v84base7ieee7543powEdd+1761>:	subsd  %xmm3,%xmm0 || -0.038865952328366676 -2.306612328900006 0.08964868481505046 -0.2923844750035712 1.0 6.1770327185147364e-18 -0.4218216321205753 0.0 14.246315002441406 0.0 5.195529731033695e-08 0.25609877419356053 0.007252147283054455 3.0 0.0 nan
=> 0x29e8cf5 <_ZN2v84base7ieee7543powEdd+1765>:	movsd  0xa1b373(%rip),%xmm1        # 0x3404070 || 0.25351852267520447 -2.306612328900006 0.08964868481505046 -0.2923844750035712 1.0 6.1770327185147364e-18 -0.4218216321205753 0.0 14.246315002441406 0.0 5.195529731033695e-08 0.25609877419356053 0.007252147283054455 3.0 0.0 nan
=> 0x29e8cfd <_ZN2v84base7ieee7543powEdd+1773>:	subsd  %xmm0,%xmm1 || 0.25351852267520447 1.0 0.08964868481505046 -0.2923844750035712 1.0 6.1770327185147364e-18 -0.4218216321205753 0.0 14.246315002441406 0.0 5.195529731033695e-08 0.25609877419356053 0.007252147283054455 3.0 0.0 nan
=> 0x29e8d01 <_ZN2v84base7ieee7543powEdd+1777>:	movq   %xmm1,%rcx || 0.25351852267520447 0.7464814773247955 0.08964868481505046 -0.2923844750035712 1.0 6.1770327185147364e-18 -0.4218216321205753 0.0 14.246315002441406 0.0 5.195529731033695e-08 0.25609877419356053 0.007252147283054455 3.0 0.0 nan
=> 0x29e8d06 <_ZN2v84base7ieee7543powEdd+1782>:	movq   %xmm1,%rax || 0.25351852267520447 0.7464814773247955 0.08964868481505046 -0.2923844750035712 1.0 6.1770327185147364e-18 -0.4218216321205753 0.0 14.246315002441406 0.0 5.195529731033695e-08 0.25609877419356053 0.007252147283054455 3.0 0.0 nan
=> 0x29e8d0b <_ZN2v84base7ieee7543powEdd+1787>:	shr    $0x20,%rcx || 0.25351852267520447 0.7464814773247955 0.08964868481505046 -0.2923844750035712 1.0 6.1770327185147364e-18 -0.4218216321205753 0.0 14.246315002441406 0.0 5.195529731033695e-08 0.25609877419356053 0.007252147283054455 3.0 0.0 nan
=> 0x29e8d0f <_ZN2v84base7ieee7543powEdd+1791>:	mov    %eax,%eax || 0.25351852267520447 0.7464814773247955 0.08964868481505046 -0.2923844750035712 1.0 6.1770327185147364e-18 -0.4218216321205753 0.0 14.246315002441406 0.0 5.195529731033695e-08 0.25609877419356053 0.007252147283054455 3.0 0.0 nan
=> 0x29e8d11 <_ZN2v84base7ieee7543powEdd+1793>:	add    %ecx,%edx || 0.25351852267520447 0.7464814773247955 0.08964868481505046 -0.2923844750035712 1.0 6.1770327185147364e-18 -0.4218216321205753 0.0 14.246315002441406 0.0 5.195529731033695e-08 0.25609877419356053 0.007252147283054455 3.0 0.0 nan
=> 0x29e8d13 <_ZN2v84base7ieee7543powEdd+1795>:	mov    %rdx,%rcx || 0.25351852267520447 0.7464814773247955 0.08964868481505046 -0.2923844750035712 1.0 6.1770327185147364e-18 -0.4218216321205753 0.0 14.246315002441406 0.0 5.195529731033695e-08 0.25609877419356053 0.007252147283054455 3.0 0.0 nan
=> 0x29e8d16 <_ZN2v84base7ieee7543powEdd+1798>:	shl    $0x20,%rcx || 0.25351852267520447 0.7464814773247955 0.08964868481505046 -0.2923844750035712 1.0 6.1770327185147364e-18 -0.4218216321205753 0.0 14.246315002441406 0.0 5.195529731033695e-08 0.25609877419356053 0.007252147283054455 3.0 0.0 nan
=> 0x29e8d1a <_ZN2v84base7ieee7543powEdd+1802>:	or     %rcx,%rax || 0.25351852267520447 0.7464814773247955 0.08964868481505046 -0.2923844750035712 1.0 6.1770327185147364e-18 -0.4218216321205753 0.0 14.246315002441406 0.0 5.195529731033695e-08 0.25609877419356053 0.007252147283054455 3.0 0.0 nan
=> 0x29e8d1d <_ZN2v84base7ieee7543powEdd+1805>:	movq   %rax,%xmm2 || 0.25351852267520447 0.7464814773247955 0.08964868481505046 -0.2923844750035712 1.0 6.1770327185147364e-18 -0.4218216321205753 0.0 14.246315002441406 0.0 5.195529731033695e-08 0.25609877419356053 0.007252147283054455 3.0 0.0 nan
=> 0x29e8d22 <_ZN2v84base7ieee7543powEdd+1810>:	cmp    $0xfffff,%edx || 0.25351852267520447 0.7464814773247955 0.18662036933119888 -0.2923844750035712 1.0 6.1770327185147364e-18 -0.4218216321205753 0.0 14.246315002441406 0.0 5.195529731033695e-08 0.25609877419356053 0.007252147283054455 3.0 0.0 nan
=> 0x29e8d28 <_ZN2v84base7ieee7543powEdd+1816>:	jle    0x29e9035 <_ZN2v84base7ieee7543powEdd+2597> || 0.25351852267520447 0.7464814773247955 0.18662036933119888 -0.2923844750035712 1.0 6.1770327185147364e-18 -0.4218216321205753 0.0 14.246315002441406 0.0 5.195529731033695e-08 0.25609877419356053 0.007252147283054455 3.0 0.0 nan
=> 0x29e8d2e <_ZN2v84base7ieee7543powEdd+1822>:	mulsd  %xmm4,%xmm2 || 0.25351852267520447 0.7464814773247955 0.18662036933119888 -0.2923844750035712 1.0 6.1770327185147364e-18 -0.4218216321205753 0.0 14.246315002441406 0.0 5.195529731033695e-08 0.25609877419356053 0.007252147283054455 3.0 0.0 nan
=> 0x29e8d32 <_ZN2v84base7ieee7543powEdd+1826>:	jmp    0x29e8813 <_ZN2v84base7ieee7543powEdd+515> || 0.25351852267520447 0.7464814773247955 0.18662036933119888 -0.2923844750035712 1.0 6.1770327185147364e-18 -0.4218216321205753 0.0 14.246315002441406 0.0 5.195529731033695e-08 0.25609877419356053 0.007252147283054455 3.0 0.0 nan
=> 0x29e8813 <_ZN2v84base7ieee7543powEdd+515>:	mov    -0x8(%rbp),%rbx || 0.25351852267520447 0.7464814773247955 0.18662036933119888 -0.2923844750035712 1.0 6.1770327185147364e-18 -0.4218216321205753 0.0 14.246315002441406 0.0 5.195529731033695e-08 0.25609877419356053 0.007252147283054455 3.0 0.0 nan
=> 0x29e8817 <_ZN2v84base7ieee7543powEdd+519>:	movapd %xmm2,%xmm0 || 0.25351852267520447 0.7464814773247955 0.18662036933119888 -0.2923844750035712 1.0 6.1770327185147364e-18 -0.4218216321205753 0.0 14.246315002441406 0.0 5.195529731033695e-08 0.25609877419356053 0.007252147283054455 3.0 0.0 nan
=> 0x29e881b <_ZN2v84base7ieee7543powEdd+523>:	leave || 0.18662036933119888 0.7464814773247955 0.18662036933119888 -0.2923844750035712 1.0 6.1770327185147364e-18 -0.4218216321205753 0.0 14.246315002441406 0.0 5.195529731033695e-08 0.25609877419356053 0.007252147283054455 3.0 0.0 nan
=> 0x29e881c <_ZN2v84base7ieee7543powEdd+524>:	ret || 0.18662036933119888 0.7464814773247955 0.18662036933119888 -0.2923844750035712 1.0 6.1770327185147364e-18 -0.4218216321205753 0.0 14.246315002441406 0.0 5.195529731033695e-08 0.25609877419356053 0.007252147283054455 3.0 0.0 nan
